五 0 0 288 250 0
菱 288.1818181818182 0 576.1818181818182 250 0
荣 576.3636363636364 0 864.3636363636365 250 0
光 864.5454545454545 0 1152.5454545454547 250 0
前 1152.7272727272727 0 1440.727272727273 250 0
外 1440.909090909091 0 1728.9090909090912 250 0
拉 1729.0909090909092 0 2017.0909090909095 250 0
手 2017.2727272727275 0 2305.2727272727275 250 0
颜 2305.4545454545455 0 2593.4545454545455 250 0
色 2593.6363636363635 0 2881.6363636363635 250 0
齐 2881.8181818181815 0 3169.8181818181815 250 0
全 3169.9999999999995 0 3457.9999999999995 250 0
