157.51,55.57,157.51,101.92,244.42,101.92,244.42,55.57,101
98.8,100.08,98.8,140.25,155.58,140.25,155.58,100.08,Ti
157.9,112.82,157.9,154.54,186.87,154.54,186.87,112.82,p
190.34,113.98,190.34,138.32,210.04,138.32,210.04,113.98,s
181.07,141.41,181.07,168.06,220.86,168.06,220.86,141.41,for
228.58,141.41,228.58,169.22,274.55,169.22,274.55,141.41,the
96.1,172.69,96.1,207.84,275.32,207.84,275.32,172.69,SMALL
95.71,219.82,95.71,234.11,191.5,234.11,191.5,219.82,Business
199.23,219.82,199.23,234.11,275.7,234.11,275.7,219.82,Owner
105.75,255.26,105.75,265.69,238.24,265.69,238.24,255.26,“TomatoSoupfortheSmall
151.33,267.62,151.33,279.21,264.12,279.21,264.12,267.62,BusinessOwner'Soul”
93.39,322.09,93.39,337.15,290.0,337.15,290.0,322.09,RichardREley,Ph.D,CSL,CFCC
91.85,341.01,91.85,352.99,290.0,352.99,290.0,341.01,JuneDavidson,PresidentofASLA
