53.08,318.5,53.08,374.83,352.08,374.83,352.08,318.5,增强免疫力
55.25,400.83,55.25,450.67,293.58,450.67,293.58,400.83,添加活力
57.42,483.17,57.42,537.33,360.75,537.33,360.75,483.17,适合体弱者
16.25,110.5,16.25,166.83,768.08,166.83,768.08,110.5,中文名：N,N-二甲基甘氨酸
352.08,32.5,352.08,78.0,466.92,78.0,466.92,32.5,DMG
588.25,476.67,518.92,630.5,837.42,788.67,902.42,630.5,DMG
716.08,374.83,670.58,444.17,887.25,552.5,919.75,483.17,NOW
469.08,667.33,456.08,691.17,642.42,780.0,648.92,751.83,NUTRITIONAL
668.42,762.67,648.92,788.67,791.92,855.83,804.92,832.0,SUPPORT
529.75,758.33,503.75,810.33,599.08,855.83,627.25,806.0,125
644.58,838.5,627.25,868.83,709.58,901.33,729.08,877.5,mg
891.58,905.67,891.58,944.67,622.92,944.67,622.92,905.67,jojo家的绿堡
1110.42,972.83,1110.42,1003.17,618.58,1003.17,618.58,972.83,greensboro.taobao.com
436.58,814.67,423.58,847.17,739.92,996.67,748.58,977.17,N,N-DimethGlycine
432.25,897.0,423.58,929.5,482.08,955.5,497.25,923.0,100
505.92,940.33,499.42,966.33,668.42,1046.5,677.08,1018.33,Capsules
742.08,1037.83,731.25,1061.67,765.92,1070.33,781.08,1046.5,GMP
417.08,944.67,410.58,970.67,638.08,1076.83,646.75,1057.33,ADietarySupplement
727.35,1067.3,716.95,1071.2,728.65,1098.5,737.75,1088.1,###
758.55,1076.4,759.85,1093.3,735.15,1098.5,737.75,1084.2,###
776.75,1010.1,771.55,1023.1,745.55,1029.6,746.85,1014.0,###
776.75,1011.4,775.45,1037.4,788.45,1034.8,785.85,1016.6,###
922.35,482.3,922.35,497.9,935.35,497.9,935.35,482.3,®
122.85,42.9,122.85,75.4,9.75,75.4,9.75,42.9,Now
320.45,44.2,320.45,76.7,154.05,76.7,154.05,44.2,Foods
