118.69,47.0,117.53,66.78,598.4,68.03,598.4,46.7,LinHaiRongFaPackagingMaterialCo.,LTD
93.67,407.4,92.51,366.09,75.64,362.6,77.38,414.38,让包装
92.51,365.51,80.29,355.04,112.87,323.62,122.76,336.42,简单化
133.24,316.06,136.15,331.18,161.05,333.05,165.82,318.97,世界
185.02,430.67,201.31,396.35,212.36,395.18,198.98,435.33,图必究
106.67,434.2,101.97,444.44,126.29,454.26,128.0,442.74,发包
169.81,453.4,168.11,440.6,130.99,443.59,130.56,455.96,装专用
176.64,433.35,181.33,445.3,190.72,438.9,184.32,429.51,###
90.88,430.79,97.71,438.9,104.11,433.35,100.69,423.54,###
247.47,341.62,243.2,335.22,211.63,338.2,211.63,345.03,0NOLE
253.44,340.34,252.16,345.88,272.21,360.82,269.23,352.71,###
243.63,352.28,244.91,345.88,222.72,345.03,222.72,349.72,YON
264.53,365.08,263.68,356.98,246.19,348.44,246.19,353.56,OLE
306.77,305.35,305.49,315.16,317.01,315.16,317.87,305.78,###
319.57,341.19,320.43,330.52,331.09,331.38,331.52,338.2,###
336.64,348.87,340.48,344.18,328.96,338.2,325.55,345.03,###
328.11,317.3,338.77,332.66,344.32,330.52,334.93,314.74,YON
324.27,306.2,323.84,315.59,332.8,313.03,331.09,304.92,###
418.89,406.47,417.19,387.7,473.51,366.79,479.05,387.27,这些年
400.55,441.88,397.99,421.4,581.88,362.1,589.13,386.42,我们一同走过的胶情
524.71,438.9,521.72,426.95,562.25,410.31,564.81,422.68,Rongfa
30.63,505.22,30.63,570.93,269.13,570.93,269.13,505.22,荣发包装
255.05,611.03,253.56,581.49,371.08,563.45,381.35,592.69,下单查询：
486.86,586.14,486.28,615.23,527.27,607.19,527.27,577.33,555
528.12,565.81,530.25,590.55,538.79,590.55,536.23,563.25,8
554.57,558.13,556.71,582.87,564.81,583.73,561.4,557.27,8
570.79,564.1,570.36,591.83,580.17,591.83,580.17,561.54,5
584.01,559.83,583.16,575.62,598.95,571.78,596.81,557.27,11
600.65,545.75,604.07,569.22,610.47,570.5,607.91,543.19,8
473.08,560.26,472.23,531.25,496.12,528.69,494.84,561.97,53
499.96,543.19,498.25,524.42,555.43,512.9,553.72,528.69,12710
430.41,560.26,428.71,523.57,464.55,525.27,466.68,550.87,6-8
386.04,573.49,388.6,554.29,422.73,543.19,420.6,581.17,057
543.48,572.21,543.48,599.94,552.87,599.94,552.87,570.5,5
476.39,590.8,476.39,606.51,483.37,606.51,483.37,590.8,1
171.52,324.33,163.37,335.96,187.81,354.58,195.37,339.45,尽装
186.65,353.42,198.86,379.02,212.25,374.36,201.19,344.11,囊下
