382.06,114.62,383.31,19.62,20.81,15.87,20.81,114.62,百仕利
350.81,118.37,350.81,179.62,715.81,179.62,715.81,118.37,KD-M-1.2
182.06,250.87,182.06,209.62,250.81,209.62,254.56,250.87,PSL
263.31,218.37,263.31,205.87,248.31,205.87,248.31,218.37,###
264.56,199.62,264.56,220.87,452.06,220.87,452.06,199.62,本产品通过SGS环保检测
470.81,215.87,470.81,237.12,524.56,237.12,524.56,215.87,RoHS
264.56,229.62,264.56,244.62,407.06,244.62,404.56,227.12,CONTENTS.10
415.81,227.12,415.81,240.87,455.81,243.37,455.81,222.12,PCS
232.06,264.62,232.06,290.87,407.06,290.87,408.31,260.87,KD-M-1.
425.81,255.87,425.81,290.87,474.56,290.87,474.56,255.87,2D
237.06,308.37,237.06,328.37,277.06,328.37,277.06,308.37,for：
288.31,309.62,288.31,323.37,344.56,323.37,344.56,309.62,900M,
377.06,305.87,377.06,320.87,478.31,320.87,478.31,305.87,900M-ESD
287.06,329.62,287.06,349.62,335.81,349.62,335.81,330.87,907，
347.06,327.12,347.06,345.87,430.81,345.87,430.81,327.12,907-ESD,
442.06,325.87,440.81,343.37,478.31,343.37,478.31,327.12,933
208.31,357.12,209.56,379.62,498.31,368.37,495.81,350.87,SOLDERING,IRON,TIP
175.81,389.62,174.56,409.62,542.06,397.12,545.81,380.87,NANTONGBLESSEDLYTOOLSCOLTD
255.81,432.12,207.06,393.37,507.06,214.62,559.56,237.12,常青电子
345.63,462.5,345.63,477.5,269.38,481.25,269.38,462.5,932717
369.38,460.0,369.38,473.75,449.38,473.75,449.38,460.0,740396
236.88,466.25,236.88,481.25,251.88,481.25,251.88,466.25,6
