119.45,309.58,118.34,324.58,225.01,325.13,225.01,309.58,13799936206
235.01,304.58,235.01,328.47,337.78,328.47,338.34,305.13,（王经理）
72.23,289.02,72.23,300.13,139.45,300.13,139.45,289.02,网址
299.45,290.69,299.45,297.36,328.9,297.36,328.9,290.69,com
75.56,270.13,74.45,280.13,200.01,277.91,199.45,269.58,邮编：710065
191.67,259.58,191.67,267.36,279.45,267.36,278.9,257.36,8726771转16
192.78,249.02,192.78,256.8,251.12,256.8,251.12,249.02,8726772
260.01,249.02,260.01,256.24,327.23,256.24,326.67,247.91,88726773
77.78,249.58,77.78,259.02,134.45,259.02,134.45,249.58,###
51.12,223.47,48.34,230.13,87.23,231.24,86.67,222.91,HAAN
97.78,221.8,97.78,229.58,141.12,229.58,140.56,221.8,###
143.34,220.13,143.34,228.47,269.45,228.47,269.45,220.13,HFNRTECHNOIOBY
275.56,219.02,276.12,227.36,437.23,224.58,434.45,216.24,DEVELOPMENTOO.,LTO
187.78,276.24,187.78,299.58,291.67,299.58,291.12,277.36,仝经理
75.01,281.8,75.01,297.91,179.45,297.91,179.45,281.8,13002991883
5.56,277.36,4.45,300.13,57.78,299.58,58.34,278.47,手机：
2.23,249.02,1.67,274.58,58.9,274.58,58.9,247.36,传真
73.9,253.47,73.9,267.91,192.23,267.91,192.23,253.47,029—68581706
3.34,221.8,3.34,245.13,58.34,245.13,58.34,221.8,电话：
73.9,226.8,73.9,240.69,196.67,240.69,196.67,226.8,029—88726772
41.67,207.41,41.67,224.07,434.45,217.41,430.56,199.63,陕西日成科技发展有限公司
56.12,92.96,65.56,112.41,71.12,111.85,62.23,92.41,###
66.12,112.96,72.23,140.18,79.45,139.07,73.34,110.74,MOOULE
78.34,90.18,78.34,116.85,113.9,116.85,113.9,90.18,B
118.9,90.74,118.9,95.18,125.56,95.18,125.56,90.74,1
137.78,112.96,137.78,117.41,142.78,117.41,142.78,112.96,###
153.9,107.96,153.9,114.07,159.45,114.07,159.45,107.96,###
171.67,104.07,171.67,109.63,176.12,109.63,176.12,104.07,###
187.23,99.63,187.23,105.74,192.23,105.74,192.23,99.63,###
164.45,115.74,166.12,121.29,240.56,102.96,240.01,97.96,###
273.34,87.46,273.9,98.01,300.01,92.46,298.9,83.57,TOE
304.45,81.9,305.56,90.23,321.12,86.34,321.67,78.01,RH
203.34,98.01,203.34,104.12,209.45,104.12,209.45,98.01,0
218.9,91.34,218.9,97.46,225.01,97.46,225.01,91.34,2
251.12,84.68,251.12,90.79,256.67,90.79,256.67,84.68,###
235.56,88.57,235.56,94.12,241.12,94.12,241.12,88.57,###
267.23,80.23,267.23,85.79,272.23,85.79,272.23,80.23,###
280.56,77.46,281.67,83.01,290.01,81.9,288.9,76.34,10
297.23,73.01,298.34,79.68,305.56,78.57,303.9,71.9,12
312.78,69.68,313.34,74.68,321.12,74.12,320.56,69.68,14
399.45,30.69,362.23,81.24,450.56,146.24,479.45,101.24,新品
