9.72,4.14,9.72,83.34,718.92,83.34,718.92,4.14,全新英文原装键盘
35.82,120.6,35.82,131.4,57.42,131.4,57.42,120.6,Esc
85.32,120.6,85.32,131.4,96.12,131.4,96.12,120.6,F1
128.52,119.7,128.52,131.4,142.92,131.4,142.92,119.7,F2
60.12,127.8,60.12,137.7,71.82,137.7,71.82,127.8,###
106.92,126.9,106.92,138.6,111.42,138.6,111.42,126.9,###
144.72,130.5,144.72,141.3,157.32,141.3,157.32,130.5,###
172.62,120.6,172.62,134.1,182.52,134.1,182.52,120.6,F3
186.12,131.4,186.12,139.5,200.52,139.5,200.52,131.4,###
214.92,123.3,214.92,130.5,229.32,130.5,229.32,123.3,F4
259.92,119.7,259.92,131.4,272.52,131.4,272.52,119.7,F5
276.12,131.4,276.12,138.6,286.92,138.6,286.92,131.4,###
303.12,124.2,303.12,131.4,315.72,131.4,315.72,124.2,F6
319.32,130.5,319.32,138.6,330.12,138.6,330.12,130.5,###
344.52,120.6,344.52,132.3,362.52,132.3,362.52,120.6,F7
388.62,123.3,388.62,134.1,402.12,134.1,402.12,123.3,F8
392.22,135.0,392.22,139.5,418.32,139.5,418.32,135.0,###
431.82,119.7,431.82,132.3,446.22,132.3,446.22,119.7,F9
448.92,131.4,448.92,138.6,466.92,138.6,466.92,131.4,###
475.02,123.3,475.02,131.4,493.02,131.4,493.02,123.3,F10
495.72,134.1,495.72,141.3,502.92,141.3,502.92,134.1,###
520.92,121.5,520.92,130.5,533.52,131.4,535.32,121.5,F11
538.92,131.4,538.92,141.3,547.02,141.3,547.02,131.4,###
560.52,124.2,560.52,130.5,579.42,130.5,582.12,124.2,F12
583.02,130.5,583.02,142.2,593.82,142.2,593.82,130.5,###
607.32,123.3,609.12,127.8,627.12,131.4,627.12,123.3,###
614.52,131.4,614.52,137.7,636.12,137.7,636.12,131.4,###
655.92,125.1,655.92,134.1,680.22,135.0,680.22,125.1,Delete
38.52,152.1,38.52,159.3,53.82,159.3,53.82,152.1,~
38.52,163.8,38.52,171.0,45.72,171.0,45.72,163.8,、
82.62,149.4,82.62,162.9,89.82,162.9,89.82,149.4,！
81.72,166.5,81.72,175.5,88.92,175.5,88.92,166.5,1
124.92,148.5,124.92,161.1,139.32,161.1,139.32,148.5,@
124.92,164.7,124.92,177.3,135.72,177.3,135.72,164.7,2
169.02,150.3,169.02,160.2,178.92,160.2,178.92,150.3,#
168.12,163.8,168.12,177.3,178.92,177.3,178.92,163.8,3
214.92,149.4,214.92,160.2,222.12,160.2,222.12,149.4,$
211.32,166.5,211.32,181.8,220.32,181.8,220.32,166.5,4
229.32,161.1,229.32,175.5,236.52,175.5,236.52,161.1,###
254.52,148.5,254.52,162.9,267.12,162.9,267.12,148.5,%
251.82,164.7,251.82,178.2,267.12,178.2,267.12,164.7,5
297.72,153.0,297.72,160.2,308.52,160.2,308.52,153.0,^
297.72,164.7,297.72,175.5,309.42,175.5,309.42,164.7,6
337.32,149.4,344.52,161.1,356.22,157.5,352.62,149.4,&
340.92,163.8,340.92,175.5,348.12,175.5,348.12,163.8,7
358.92,166.5,358.92,177.3,364.32,177.3,364.32,166.5,###
384.12,153.0,384.12,160.2,392.22,160.2,392.22,153.0,*
384.12,166.5,384.12,177.3,393.12,177.3,393.12,166.5,8
403.92,167.4,403.92,178.2,409.32,178.2,409.32,167.4,###
427.32,146.7,427.32,164.7,436.32,159.3,436.32,146.7,（
425.52,163.8,425.52,177.3,435.42,177.3,435.42,163.8,9
441.72,167.4,441.72,178.2,452.52,178.2,452.52,167.4,###
470.52,148.5,470.52,162.9,477.72,162.9,477.72,148.5,）
466.92,166.5,466.92,177.3,477.72,177.3,477.72,166.5,0
486.72,167.4,486.72,178.2,492.12,173.7,495.72,167.4,/
508.32,149.4,508.32,159.3,528.12,159.3,528.12,149.4,—
510.12,168.3,510.12,174.6,520.92,174.6,520.92,168.3,-
553.32,152.1,553.32,161.1,562.32,161.1,562.32,152.1,+
550.62,166.5,550.62,177.3,567.72,177.3,567.72,166.5,=
628.92,152.1,628.92,163.8,639.72,163.8,639.72,152.1,←
598.32,161.1,598.32,173.7,640.62,173.7,640.62,161.1,###
658.62,153.0,657.72,162.9,682.92,163.8,682.92,153.0,###
684.72,173.7,684.72,163.8,661.32,163.8,661.32,173.7,###
49.32,189.0,49.32,203.4,70.92,203.4,70.92,189.0,###
38.52,202.5,38.52,209.7,54.72,209.7,54.72,202.5,###
69.12,214.2,69.12,207.0,52.92,207.0,52.92,214.2,###
104.22,191.7,104.22,207.0,117.72,207.0,117.72,191.7,Q
146.52,189.9,146.52,206.1,164.52,206.1,164.52,189.9,W
193.32,189.9,193.32,206.1,205.92,206.1,205.92,189.9,E
233.82,192.6,233.82,207.0,245.52,207.0,245.52,192.6,R
277.92,188.1,277.92,204.3,286.92,204.3,286.92,188.1,T
320.22,189.0,320.22,206.1,330.12,206.1,330.12,189.0,Y
362.52,189.9,362.52,204.3,375.12,204.3,375.12,189.9,U
403.92,189.9,403.92,206.1,414.72,206.1,414.72,189.9,I
448.92,191.7,448.92,203.4,461.52,203.4,461.52,191.7,O
492.12,193.5,492.12,206.1,502.92,206.1,502.92,193.5,O
423.72,209.7,423.72,220.5,432.72,220.5,432.72,209.7,###
377.82,209.7,377.82,217.8,387.72,217.8,387.72,209.7,###
465.12,209.7,465.12,216.9,472.32,216.9,472.32,209.7,###
510.12,210.6,510.12,217.8,515.52,217.8,515.52,210.6,###
532.62,189.9,532.62,202.5,542.52,202.5,542.52,189.9,{
535.32,204.3,535.32,214.2,542.52,214.2,542.52,204.3,【
574.92,189.9,574.92,200.7,585.72,200.7,585.72,189.9,}
574.92,204.3,574.92,216.9,586.62,217.8,585.72,204.3,】
618.12,189.9,618.12,202.5,628.92,202.5,628.92,189.9,|
614.52,207.0,614.52,217.8,625.32,217.8,625.32,207.0,、
661.32,193.5,661.32,203.4,681.12,203.4,681.12,193.5,End
662.22,206.1,662.22,213.3,683.82,213.3,683.82,206.1,###
38.52,235.8,38.52,245.7,52.92,245.7,52.92,235.8,###
34.92,246.6,34.92,256.5,70.92,256.5,70.92,246.6,###
117.72,233.1,115.92,249.3,129.42,249.3,129.42,234.9,A
157.32,233.1,157.32,243.9,169.92,243.9,169.92,233.1,S
204.12,235.8,200.52,243.9,213.12,243.9,213.12,232.2,D
244.62,229.5,244.62,245.7,258.12,245.7,258.12,229.5,F
286.92,231.3,286.92,245.7,301.32,245.7,301.32,231.3,G
330.12,232.2,330.12,245.7,342.72,246.6,342.72,232.2,H
369.72,231.3,369.72,245.7,384.12,245.7,384.12,231.3,J
385.92,249.3,385.92,258.3,398.52,258.3,398.52,249.3,###
412.92,231.3,412.92,243.9,429.12,243.9,429.12,231.3,K
434.52,247.5,434.52,258.3,438.12,258.3,438.12,247.5,###
459.72,227.7,459.72,249.3,470.52,249.3,470.52,227.7,L
475.92,246.6,475.92,257.4,484.92,257.4,484.92,246.6,###
499.32,228.6,499.32,243.0,510.12,243.0,510.12,228.6,:
500.22,246.6,502.92,253.8,508.32,258.3,508.32,246.6,;
542.52,231.3,542.52,239.4,553.32,239.4,553.32,231.3,"
546.12,246.6,546.12,257.4,553.32,257.4,553.32,246.6,'
517.32,250.2,517.32,256.5,525.42,256.5,525.42,250.2,###
585.72,235.8,585.72,250.2,605.52,250.2,605.52,235.8,###
609.12,238.5,609.12,247.5,632.52,247.5,632.52,238.5,Enter
663.12,232.2,663.12,245.7,686.52,245.7,686.52,232.2,###
682.92,253.8,682.92,246.6,663.12,246.6,663.12,253.8,###
36.72,279.0,36.72,292.5,51.12,292.5,51.12,279.0,###
52.92,279.9,52.92,293.4,76.32,293.4,76.32,279.9,Shift
135.72,272.7,135.72,288.9,150.12,288.9,150.12,272.7,Z
178.92,270.9,178.92,285.3,193.32,285.3,193.32,270.9,X
222.12,271.8,222.12,286.2,232.92,286.2,232.92,271.8,C
265.32,271.8,265.32,285.3,277.02,285.3,277.02,271.8,V
309.42,272.7,309.42,286.2,322.92,286.2,322.92,272.7,B
351.72,271.8,351.72,285.3,366.12,285.3,366.12,271.8,N
394.92,274.5,394.92,286.2,409.32,286.2,409.32,274.5,M
413.82,287.1,413.82,300.6,420.12,300.6,420.12,287.1,###
438.12,271.8,438.12,283.5,448.92,283.5,448.92,271.8,<
438.12,289.8,438.12,299.7,450.72,299.7,450.72,289.8,,
481.32,271.8,481.32,282.6,492.12,282.6,492.12,271.8,>
477.72,292.5,477.72,303.3,488.52,303.3,488.52,292.5,.
521.82,272.7,521.82,285.3,533.52,285.3,533.52,272.7,?
519.12,288.9,519.12,299.7,535.32,299.7,535.32,288.9,/
540.72,289.8,540.72,299.7,549.72,300.6,549.72,289.8,+
569.52,278.1,569.52,294.3,578.52,294.3,578.52,278.1,###
583.92,279.0,583.92,292.5,603.72,292.5,603.72,279.0,Shift
627.12,272.7,627.12,289.8,643.32,289.8,643.32,272.7,↑
626.22,292.5,626.22,299.7,645.12,299.7,645.12,292.5,###
587.52,317.7,587.52,325.8,607.32,325.8,607.32,317.7,←
589.32,332.1,589.32,341.1,607.32,341.1,607.32,332.1,###
632.52,317.7,632.52,326.7,645.12,326.7,645.12,317.7,↓
628.92,333.0,628.92,342.9,646.92,342.9,646.92,333.0,###
668.52,315.9,668.52,326.7,682.92,326.7,682.92,315.9,→
668.52,332.1,668.52,340.2,686.52,340.2,686.52,332.1,###
663.12,278.1,663.12,285.3,686.52,285.3,686.52,278.1,###
661.32,287.1,661.32,293.4,693.72,293.4,693.72,287.1,###
32.22,324.9,32.22,333.0,53.82,333.0,53.82,324.9,Ctrl
90.72,321.3,90.72,333.0,104.22,333.0,104.22,321.3,Fn
139.32,321.3,139.32,333.9,154.62,333.9,154.62,321.3,###
175.32,324.9,175.32,333.0,193.32,333.0,193.32,324.9,Alt
441.72,321.3,441.72,330.3,466.92,330.3,466.92,321.3,A
490.32,321.3,490.32,333.9,506.52,333.9,506.52,321.3,###
526.32,319.5,526.32,332.1,547.02,332.1,547.02,319.5,Ctrl
73.83,467.35,73.83,477.16,158.92,477.16,158.92,467.35,###
72.52,441.16,72.52,450.98,164.81,450.98,164.81,441.16,###
72.52,435.27,72.52,438.55,136.01,438.55,136.01,435.27,###
172.01,435.27,172.01,441.16,206.71,441.16,206.71,435.27,###
172.01,441.82,172.01,448.36,193.61,448.36,193.61,441.82,###
200.81,450.98,200.81,456.22,221.76,456.22,221.76,450.98,###
214.56,460.15,214.56,456.22,199.51,456.22,199.51,460.15,###
192.96,472.58,192.96,478.47,247.94,478.47,247.94,472.58,###
229.61,462.11,229.61,471.93,241.4,471.93,241.4,462.11,###
247.94,461.45,247.94,472.58,266.27,472.58,266.27,461.45,###
224.38,443.13,224.38,446.4,263.65,446.4,263.65,443.13,###
224.38,435.93,224.38,441.82,261.03,441.82,261.03,435.93,###
357.91,502.82,357.91,568.28,367.07,568.28,367.07,502.82,###
368.38,511.33,368.38,565.66,374.92,565.66,374.92,511.33,###
376.89,521.8,376.89,549.95,386.71,549.95,386.71,521.8,###
588.96,513.29,588.96,521.15,624.96,521.15,624.96,513.29,###
588.31,525.08,588.31,530.31,635.43,530.31,635.43,525.08,###
615.14,540.13,615.14,546.02,635.43,546.02,635.43,540.13,###
585.69,552.57,585.69,557.8,643.29,557.8,643.29,552.57,###
589.61,561.73,589.61,570.89,640.67,570.89,640.67,561.73,###
12.31,657.95,12.31,707.69,174.63,707.69,174.63,657.95,小回车
207.36,655.99,207.36,709.66,424.67,709.66,424.67,655.99,送螺丝刀
444.96,670.39,444.96,696.57,470.49,696.57,470.49,670.39,+
490.12,657.95,490.12,708.35,711.36,708.35,711.36,657.95,拆机教程
