18.55,709.17,18.55,773.17,299.88,773.17,299.88,709.17,29省包邮
394.55,674.5,402.55,753.17,643.88,730.5,631.88,647.84,买就送
385.21,755.84,393.21,793.17,645.21,769.17,645.21,735.84,松达三松花粉3g
707.64,639.65,707.64,652.57,721.79,652.57,721.79,639.65,松
735.33,639.04,735.33,651.96,746.41,651.96,746.41,639.04,达
689.18,678.42,689.18,687.04,711.94,687.04,711.94,678.42,松达
737.18,741.81,737.18,745.5,747.02,745.5,747.02,741.81,###
728.56,727.04,728.56,732.57,735.94,732.57,735.94,727.04,###
731.02,713.5,731.02,718.42,740.87,718.42,740.87,713.5,###
735.33,695.65,735.33,702.42,772.25,702.42,772.25,695.65,###
741.48,685.19,741.48,693.19,774.1,693.19,774.1,685.19,###
729.18,670.42,729.18,682.11,760.56,682.11,760.56,670.42,###
761.18,651.96,761.18,656.27,772.87,656.27,772.87,651.96,###
416.56,584.81,416.56,594.66,665.79,595.28,668.87,584.81,managementofNappyRash，BedSores.
384.56,567.58,383.33,576.2,704.56,576.2,704.56,563.28,Asoothing,emollientcreamwhichaidsandassistsinthe
387.64,510.97,387.64,545.43,410.41,545.43,410.41,510.97,屁
430.1,514.04,430.1,545.43,455.33,545.43,455.33,514.04,屁
482.41,514.66,475.64,541.12,509.48,546.04,509.48,514.66,乐
520.56,510.35,520.56,522.66,533.48,522.66,533.48,510.35,Ⓡ
543.33,518.35,544.56,544.81,702.71,540.51,700.87,512.2,婴儿护臀霜
529.18,474.66,529.18,491.28,692.25,491.28,692.25,474.66,HEALINGCREAM
403.64,464.81,403.64,491.28,487.94,491.28,487.94,464.81,pipile
493.48,462.35,493.48,475.28,506.41,475.28,506.41,462.35,Ⓡ
203.02,583.58,203.02,598.35,281.18,590.35,276.25,577.43,尿布专用皂128gx3吸
282.41,586.04,282.41,595.28,310.71,595.28,310.71,586.04,专用皂
315.64,572.51,315.64,610.04,325.48,610.04,325.48,572.51,20150322
284.25,565.12,284.25,569.43,311.94,569.43,311.94,565.12,###
300.87,507.28,300.87,550.35,313.79,550.35,313.79,507.28,20150322
289.18,522.66,289.18,533.74,297.79,533.74,297.79,522.66,皂
223.33,544.81,223.33,554.66,262.1,554.66,262.1,544.81,DAYCARE
214.71,522.66,214.71,539.89,271.94,539.89,271.94,522.66,特惠装
225.79,504.81,225.79,520.81,257.18,520.81,257.18,504.81,###
174.71,503.58,174.71,514.66,195.64,514.66,195.64,503.58,###
161.18,517.12,161.18,526.97,200.56,526.97,200.56,517.12,###
162.41,529.43,162.41,532.51,199.33,532.51,199.33,529.43,###
137.79,432.2,137.79,478.97,151.33,478.97,151.33,432.2,20150322
196.25,480.2,196.25,489.43,275.02,489.43,275.02,480.2,6955292301097
159.33,451.82,159.33,463.51,193.79,463.51,193.79,451.82,###
98.41,381.67,103.33,420.44,261.48,408.75,253.48,366.9,128*3
30.71,338.59,32.56,386.59,329.79,358.9,318.1,313.36,得琪洗衣尿布皂
24.56,270.28,34.41,323.21,325.48,300.44,319.33,237.67,+10元换购
483.02,143.31,481.79,210.39,778.41,198.08,780.25,124.23,2个减2元
292.87,114.39,293.48,173.46,522.41,121.77,515.02,65.16,安全呵护
534.1,61.46,537.79,119.93,777.79,65.16,780.87,12.23,远离红PP
73.79,106.39,73.79,152.54,255.94,152.54,255.94,106.39,屁屁乐
64.56,33.16,64.56,78.69,252.25,78.69,252.25,33.16,pipile
259.64,34.39,259.64,52.85,281.79,52.85,281.79,34.39,Ⓡ
722.3,459.39,722.3,469.68,734.87,469.68,734.87,459.39,###
724.58,479.96,724.58,490.25,738.3,490.25,738.3,479.96,###
723.44,493.68,723.44,507.39,739.44,507.39,739.44,493.68,###
721.16,514.25,721.16,529.11,737.16,529.11,737.16,514.25,###
722.3,542.82,722.3,559.96,738.3,559.96,738.3,542.82,###
718.16,777.21,717.55,782.13,769.85,780.29,776.01,774.75,###
