17.25,75.5,27.75,24.0,153.25,13.0,160.75,63.5,第2件
8.25,106.0,14.75,79.5,76.75,74.0,75.75,100.5,50%
89.25,98.0,87.75,73.5,144.75,66.0,137.75,93.0,Off
160.25,5.0,146.25,91.0,291.25,84.5,326.75,3.0,半价
221.75,348.0,221.75,388.5,343.25,388.5,343.25,348.0,Spring
277.25,386.0,277.25,406.0,317.25,406.0,317.25,386.0,has
283.75,409.0,283.75,431.0,367.75,431.0,367.75,409.0,come
180.75,476.5,183.25,546.5,208.75,546.5,208.75,474.0,人一座
223.75,486.0,232.75,472.0,351.75,472.0,351.75,488.0,###
223.75,495.0,223.75,491.0,342.75,491.0,342.75,495.0,###
225.75,502.0,225.75,498.0,369.25,498.0,369.25,502.0,###
494.25,241.0,494.25,266.5,507.75,266.5,507.75,241.0,t
508.25,271.5,515.75,252.0,564.25,248.0,550.25,279.5,real
512.25,408.5,522.75,418.5,553.25,410.0,546.25,394.0,HHIT
596.25,441.5,596.25,460.0,678.25,459.5,677.75,441.5,S,Wilsori
12.25,675.0,12.25,633.5,312.75,633.5,312.75,675.0,多款赠品可选
335.25,621.0,336.25,682.5,665.75,682.0,658.25,624.0,全包边软壳
