1541.61,2315.6,1544.15,2440.15,1927.97,2447.77,1935.59,2328.31,CONSIN
2065.23,2379.14,2065.23,2407.1,2103.35,2407.1,2103.35,2379.14,®
2011.85,2310.51,2009.31,2368.97,2159.27,2374.06,2159.27,2318.14,REAL
639.27,2414.73,639.27,2457.94,959.54,2457.94,959.54,2414.73,+862134323841
486.76,2409.64,486.76,2455.4,601.14,2455.4,601.14,2409.64,电话：
618.93,2361.35,618.93,2412.19,1361.14,2412.19,1361.14,2361.35,上海市闵行区金汇南路258弄67号502室
484.22,2353.72,484.22,2399.48,596.06,2394.39,593.51,2353.72,地址：
669.77,2302.89,669.77,2351.18,1175.59,2351.18,1175.59,2302.89,上海阿啰哈贸易有限公司
479.13,2297.8,479.13,2348.64,636.73,2348.64,636.73,2297.8,经销商：
657.06,2244.43,657.06,2292.72,751.11,2292.72,751.11,2244.43,美国
474.05,2239.34,474.05,2287.64,636.73,2287.64,636.73,2239.34,原产国：
730.77,2124.96,728.23,2221.55,1503.49,2229.17,1503.49,2124.96,23.22kg((2.9kg±0.5kg)x8)
466.42,2109.71,466.42,2211.38,700.27,2211.38,700.27,2109.71,净含量：
723.15,2048.71,723.15,2089.37,817.19,2089.37,817.19,2048.71,then
456.26,2046.16,456.26,2091.92,715.52,2091.92,715.52,2046.16,Sterptococclls
593.51,1982.62,593.51,2025.83,819.74,2025.83,819.74,1982.62,巴氏杀菌乳
453.71,1987.7,453.71,2033.45,578.26,2033.45,578.26,1987.7,配料：
1422.15,1936.87,1422.15,2102.08,2103.35,2102.08,2103.35,1936.87,15801921941
819.74,1924.16,819.74,2104.63,1356.06,2104.63,1356.06,1924.16,联系电话：
651.98,1852.99,651.98,1949.57,779.07,1949.57,779.07,1852.99,干酪
451.17,1850.44,451.17,1944.49,611.31,1944.49,611.31,1850.44,品名：
430.84,1776.73,430.84,1835.19,1305.22,1835.19,1305.22,1776.73,Storsgecondition:Keepfrozenat-18fegree
1117.13,1657.27,1117.13,1713.19,1236.59,1713.19,1236.59,1657.27,yy/m
865.49,1593.72,865.49,1644.56,954.45,1644.56,954.45,1593.72,ntof
855.32,1535.26,855.32,1583.55,1051.04,1583.55,1051.04,1535.26,milk,chee
1348.43,1545.43,1348.43,1586.09,1467.9,1586.09,1467.9,1545.43,enzym
354.58,1225.16,354.58,1779.27,2555.8,1779.27,2555.8,1225.16,量大优惠
1206.09,912.51,1206.09,976.06,1422.15,976.06,1422.15,912.51,Cheese
1030.71,777.8,1035.79,884.55,1650.91,897.26,1653.45,790.51,Mozzarella
1239.14,716.79,1234.05,780.34,1394.19,790.51,1396.73,726.96,吉迈
1129.84,615.12,1132.38,693.92,1523.82,704.08,1523.82,625.29,G-MEDAL
1531.45,584.62,1531.45,625.29,1589.91,625.29,1589.91,584.62,TM
929.03,68.63,929.03,244.01,2131.31,244.01,2131.31,68.63,乐享烘焙
423.21,96.59,423.21,208.43,496.93,208.43,496.93,96.59,国
199.53,91.51,199.53,205.89,280.87,205.89,280.87,91.51,美
3.81,2470.65,3.81,2958.68,2784.56,2958.68,2784.56,2470.65,江浙沪皖整箱8条包邮
