2.81,155.0,0.94,179.38,6.56,179.38,6.56,153.75,###
8.44,135.0,3.44,203.13,11.56,196.25,14.06,135.0,###
39.69,133.75,39.69,138.13,80.31,138.13,80.31,133.75,###
83.44,133.13,83.44,138.75,119.06,138.75,119.06,133.13,###
102.19,138.75,102.19,142.5,113.44,142.5,113.44,138.75,###
134.69,133.75,134.69,139.38,173.44,139.38,173.44,133.75,###
134.06,140.0,134.06,143.75,175.94,143.75,175.94,140.0,###
181.56,140.0,181.56,145.0,195.31,145.0,195.31,140.0,###
354.06,138.13,354.06,144.38,373.44,144.38,373.44,138.13,###
355.31,146.25,355.31,152.5,395.94,152.5,395.94,146.25,###
338.44,195.0,338.44,204.38,425.94,204.38,425.94,195.0,###
435.31,200.63,435.31,205.0,459.69,205.0,459.69,200.63,###
447.81,206.25,447.81,210.0,459.69,210.0,459.69,206.25,###
258.44,194.38,258.44,201.25,302.81,201.25,302.81,194.38,###
143.44,191.88,143.44,201.88,235.31,201.88,234.06,193.13,###
436.56,135.63,436.56,156.88,444.06,156.88,444.06,135.63,###
446.56,137.5,446.56,161.88,452.19,161.88,452.19,137.5,###
180.94,180.63,182.19,193.75,319.69,195.0,318.44,180.63,www,jfix.net.cn
309.69,92.5,309.69,116.25,384.69,116.25,384.69,92.5,长33.5
2.19,295.0,-0.31,352.5,230.94,353.13,230.94,295.0,维修必备
31.56,50.63,31.56,86.88,102.19,86.88,102.19,50.63,新品
31.56,38.75,31.56,52.5,103.44,52.5,103.44,38.75,NEWARRIVAL
185.31,19.38,185.94,74.38,457.81,73.13,457.81,17.5,大号吸锡枪
314.69,196.88,314.69,206.88,335.94,203.13,334.06,193.13,###
466.56,136.25,466.56,157.5,474.06,157.5,474.06,136.25,###
