19.72,36.18,19.72,45.95,115.96,45.95,115.96,36.18,AaronSaunders
26.23,102.39,26.23,107.46,117.41,107.46,117.41,102.39,###
26.96,111.8,26.96,117.23,115.6,117.23,115.6,111.8,###
27.32,136.04,27.32,140.75,113.07,140.75,113.07,136.04,###
26.96,146.17,26.96,150.88,98.96,150.88,98.96,146.17,###
26.96,155.22,26.96,160.29,55.54,160.29,55.54,155.22,###
27.32,177.65,27.32,183.44,104.38,183.44,104.38,177.65,###
26.59,188.15,26.59,192.85,114.52,192.85,114.52,188.15,###
26.96,197.55,26.96,202.98,106.92,202.98,106.92,197.55,###
26.59,207.68,26.59,213.11,62.78,213.11,62.78,207.68,###
27.32,230.12,27.32,235.54,103.66,235.54,103.66,230.12,###
27.32,240.25,27.32,245.67,115.96,245.67,115.96,240.25,###
26.59,249.65,26.59,254.72,54.82,254.72,54.82,249.65,###
160.1,176.57,160.1,185.61,171.32,186.34,171.32,176.57,18
44.68,153.05,53.01,178.01,348.25,124.83,339.57,99.14,QQ:2450629730
33.47,320.57,33.47,332.87,98.6,332.87,98.6,320.57,Building
107.64,316.23,107.64,332.87,187.24,332.87,187.24,316.23,Cross-
189.41,312.61,189.41,332.15,260.94,332.83,264.42,314.42,###
295.06,317.68,295.06,332.87,358.38,332.87,358.38,317.68,Apps
82.31,343.73,82.31,367.97,152.14,367.97,152.14,343.73,Titani
227.04,344.45,227.04,366.16,292.17,366.16,292.17,344.45,Alloy,
301.94,354.22,301.94,366.16,333.78,366.16,333.78,354.22,and
84.12,383.53,84.12,399.45,174.22,399.45,174.22,383.53,###
176.39,383.17,176.39,399.45,249.47,399.45,249.47,383.17,erator
253.82,376.29,253.82,388.95,267.2,388.95,267.2,376.29,®
275.16,383.53,275.16,399.45,350.78,399.45,350.78,383.53,Cloud
130.07,415.37,130.07,431.65,195.2,431.65,195.2,415.37,vices
314.96,467.11,314.96,479.41,377.92,479.41,377.92,467.11,WILEY
62.78,419.35,83.76,447.57,340.29,249.29,326.11,235.32,微信：PDFEbooks
34.92,353.86,34.92,366.52,78.33,366.52,78.33,353.86,using
265.91,317.4,265.91,332.83,287.8,332.83,287.8,317.4,m
