404.06,672.5,404.06,717.5,713.44,717.5,713.44,672.5,好家依生活馆
412.19,721.25,412.19,734.38,695.94,734.38,695.94,721.25,https://shop108874005.taobao.com/
275.94,559.38,275.94,616.88,454.69,616.88,454.69,559.38,钨丝款
647.19,348.13,647.19,376.88,747.19,376.88,747.19,348.13,B22圆泡
570.31,245.0,570.31,270.63,665.31,270.63,665.31,245.0,E27圆泡
464.06,129.38,464.06,157.5,562.81,157.5,562.81,129.38,E27尖泡
299.69,114.38,299.69,138.75,395.94,140.0,395.94,110.0,E14大红
160.94,164.38,160.94,192.5,262.19,192.5,262.19,164.38,E14中红
69.69,236.88,69.69,261.88,164.06,261.88,164.06,236.88,E12中红
35.31,321.88,35.31,347.5,128.44,347.5,128.44,321.88,E12透明
4.06,409.38,4.06,431.25,97.19,431.25,97.19,409.38,E12红色
