64.95,874.04,64.95,953.58,712.66,953.58,712.66,874.04,M24/L20/XL18
9.76,786.38,9.76,854.56,413.97,854.56,413.97,786.38,史努比拉拉裤
845.78,640.28,845.78,971.44,922.07,971.44,922.07,640.28,正品保证
531.48,760.37,531.48,776.6,560.7,776.6,560.7,760.37,24
528.23,726.28,528.23,757.12,562.32,757.12,562.32,726.28,M
573.69,776.6,573.69,792.84,607.78,792.84,606.15,781.47,###
469.79,632.13,469.79,643.49,492.52,643.49,494.14,637.0,###
466.55,620.76,466.55,633.75,499.01,633.75,500.64,627.26,###
531.8,645.11,531.8,654.85,557.78,654.85,557.78,646.74,###
530.18,632.13,530.18,643.49,561.02,643.49,561.02,637.0,###
588.62,641.87,588.62,654.85,629.2,654.85,627.58,649.98,###
591.87,656.48,591.87,664.59,624.33,664.59,624.33,656.48,###
413.3,615.89,413.3,698.68,431.16,703.55,434.4,615.89,SNOOPY
262.33,589.92,270.45,685.7,298.04,684.07,285.06,593.17,AMERICA
254.21,463.3,257.46,473.04,356.48,492.52,351.61,476.29,###
354.86,473.04,354.86,481.16,359.73,481.16,359.73,473.04,###
364.6,482.78,367.85,492.52,414.92,495.77,410.05,489.27,###
259.08,448.69,259.08,458.43,418.17,479.53,416.55,469.79,###
259.08,434.08,259.08,445.44,413.3,466.55,416.55,456.81,###
255.84,348.04,257.46,429.21,552.91,499.01,591.87,416.22,Snoopy
591.87,411.35,591.87,429.21,612.97,429.21,612.97,411.35,™
843.16,190.9,843.16,539.92,925.95,539.92,925.95,190.9,厂家授权
899.98,551.28,899.98,577.26,919.46,577.26,921.08,551.28,,
114.28,263.95,114.28,713.62,203.57,716.86,200.32,263.95,咨询有惊喜
12.01,218.5,12.01,572.39,98.05,572.39,98.05,218.5,型号备注
106.17,539.92,106.17,556.15,115.91,556.15,115.91,539.92,###
313.95,259.08,313.95,343.5,671.09,343.5,671.09,259.08,珺珺母婴
59.09,-0.65,59.09,199.02,973.03,199.02,973.03,-0.65,买四送一
