14.0,18.4,14.0,49.6,318.0,49.6,318.0,18.4,SOCINEL
102.8,65.6,102.8,100.0,227.6,100.0,227.6,65.6,雪姿兰
240.5,62.0,239.5,78.0,257.5,79.0,256.5,63.0,Ⓡ
238.0,297.6,238.0,344.8,42.0,344.8,42.0,297.6,专柜正品
238.8,360.8,238.8,409.6,40.4,409.6,40.4,360.8,支持验货
286.8,425.6,286.8,473.6,40.4,473.6,40.4,425.6,打折促销中
324.4,431.2,324.4,456.8,529.2,456.8,529.2,431.2,SOCINEL
483.6,496.8,483.6,516.0,374.0,516.0,374.0,496.8,Crystal
496.4,532.8,496.4,552.8,360.4,552.8,360.4,532.8,Moisture
506.0,561.6,506.0,572.8,345.2,572.8,345.2,561.6,REFIENDFROMNATURAL
528.4,578.4,528.4,592.0,326.8,592.0,326.8,578.4,INGREDIENTS,ITCANMIOSTURIZE
491.6,598.4,491.6,610.4,364.4,610.4,364.4,598.4,ANDIMPROVESKIN
493.2,672.0,493.2,680.8,362.8,680.8,362.8,672.0,WhiteningFoundation
448.4,692.8,448.4,701.6,410.0,701.6,410.0,692.8,Liquid
362.0,712.8,362.0,728.8,413.2,728.8,413.2,712.8,30mle
422.8,713.6,422.8,728.0,468.4,728.0,468.4,713.6,1.0FL
473.2,712.0,473.2,728.0,492.4,728.0,492.4,712.0,OZ
