380.4,179.2,386.0,119.2,775.6,34.4,776.4,94.4,温度数字显示表
446.0,249.6,443.6,193.6,782.0,118.4,783.6,177.6,铝合金不沾盘
478.0,322.4,480.4,268.0,732.4,214.4,732.4,265.6,不锈钢机身
564.4,367.2,564.4,412.0,765.2,412.0,765.2,367.2,台/立两用
520.4,428.0,520.4,520.8,783.6,520.8,783.6,428.0,电饼铛
558.0,531.2,558.0,538.4,784.4,538.4,784.4,531.2,###
622.0,540.8,622.0,544.0,784.4,544.0,784.4,540.8,###
698.8,545.6,698.8,552.8,782.8,552.8,782.8,545.6,###
314.8,452.0,314.8,464.8,324.4,464.8,324.4,452.0,s
352.4,468.8,353.2,462.4,394.0,454.4,396.4,461.6,###
402.0,461.6,401.2,456.0,428.4,449.6,428.4,456.8,###
359.6,519.2,362.8,515.2,378.0,512.0,378.0,516.8,###
382.8,504.8,386.0,499.2,396.4,498.4,395.6,501.6,###
413.2,500.0,413.2,493.6,420.4,493.6,422.0,496.0,###
433.2,506.4,433.2,500.0,450.8,500.0,450.8,506.4,###
554.0,759.2,558.8,728.8,753.2,693.6,759.6,720.8,赠送全套工具，
562.8,796.8,562.0,770.4,776.4,732.0,776.4,764.8,老师傅配方教程
632.4,767.2,632.4,793.6,790.0,793.6,790.0,767.2,21世纪商贸8
