781.67,695.33,779.0,724.67,579.0,724.67,579.0,695.33,茂兴胜源电子
799.0,731.33,799.0,742.0,563.0,743.33,564.94,728.32,ttps://shop148989677.taobao.con
787.0,746.0,787.0,763.33,721.67,763.33,721.67,746.0,盗图必究
712.33,746.0,712.33,763.33,648.33,763.33,648.33,746.0,实物拍摄
760.33,766.0,760.33,776.67,565.67,776.67,566.83,766.1,welcometomyshop,Iwishyoua
563.09,778.9,560.96,786.9,663.0,790.0,661.67,779.33,happyshopping
28.33,719.33,28.33,775.33,391.0,774.0,387.0,728.67,柄长：15mm
499.0,408.67,499.0,424.67,267.0,424.67,267.0,408.67,深圳市茂兴胜源电子有限公司
255.0,435.33,255.0,454.0,380.33,454.0,380.33,435.33,100%实物拍摄
392.33,436.67,392.33,451.33,457.67,451.33,457.67,436.67,盗图必究
304.33,463.33,304.33,476.67,505.67,476.67,505.67,463.33,只做原装正品、BOM一站式电子专业配单
692.33,51.33,692.33,99.33,581.67,99.33,581.67,51.33,B1K
559.0,47.33,559.0,106.0,279.0,106.0,279.0,47.33,单联电位器
257.67,52.67,257.67,96.67,59.0,99.33,48.33,52.67,WH148
632.33,744.67,632.33,762.0,580.33,763.33,572.33,744.67,100%
591.13,731.95,591.13,731.22,590.4,731.22,590.4,731.95,###
