324.38,256.07,323.84,262.5,439.02,260.36,440.09,254.46,###
366.16,247.5,367.23,252.32,409.55,251.25,411.16,246.43,###
321.7,241.61,321.7,246.96,410.09,246.96,410.09,241.61,###
321.7,236.25,320.63,240.54,430.98,238.93,430.98,233.57,###
319.55,231.43,320.09,236.25,382.77,233.57,382.77,229.82,###
323.84,225.0,322.23,229.82,437.95,228.21,438.48,221.79,###
320.09,217.5,320.09,223.93,353.3,223.93,353.3,217.5,###
322.23,213.21,321.7,217.5,432.05,215.36,430.98,210.0,###
320.63,205.18,320.63,212.14,349.02,212.14,349.02,205.18,CUTION
351.16,205.18,350.63,209.46,439.55,209.46,439.55,203.04,###
319.02,198.21,319.02,203.57,392.95,203.57,392.95,198.21,###
319.55,193.39,319.02,198.75,439.02,196.07,439.55,190.18,###
320.09,188.04,318.48,192.32,377.95,192.32,377.95,186.43,###
319.55,179.46,319.55,186.43,371.52,186.43,371.52,179.46,###
374.2,177.86,374.2,183.75,437.41,183.75,437.41,177.86,###
327.05,161.79,327.05,178.39,430.45,178.39,430.45,161.79,ACADAPTER
575.09,15.54,575.09,62.14,743.84,62.14,743.84,15.54,厂家直销
385.98,15.0,385.98,62.14,558.48,62.14,558.48,15.0,品质价廉
199.02,14.46,199.02,62.14,369.38,62.14,369.38,14.46,做工精细
11.52,15.0,11.52,61.61,183.48,61.61,183.48,15.0,全新原装
597.59,364.82,597.59,392.68,653.84,392.68,653.84,364.82,LTD
520.45,364.82,520.45,392.68,567.59,392.68,567.59,364.82,CO.
578.3,385.71,578.3,395.89,588.48,395.89,588.48,385.71,,
307.77,363.21,307.77,393.21,500.63,393.21,500.63,363.21,TECHNOLOGY
190.45,364.29,190.45,394.29,287.41,394.29,287.41,364.29,SSSSHINE
94.02,362.14,94.02,395.36,172.23,395.36,172.23,362.14,REAL
469.02,696.96,469.02,737.14,739.02,737.14,739.02,696.96,便携式充电器
421.34,701.79,421.34,733.39,440.63,733.39,440.63,701.79,3
322.77,701.25,322.77,734.46,393.48,734.46,393.48,701.25,Pro
128.84,701.25,128.84,733.39,294.91,733.39,294.91,701.25,Surface
13.13,695.36,13.13,737.68,99.38,737.68,99.38,695.36,微软
287.95,663.21,287.95,695.89,713.84,695.89,713.84,663.21,MSN.pee.ny@hotmail.com
36.7,662.14,36.7,689.46,250.98,689.46,250.98,662.14,QQ：58658217
494.73,619.82,494.73,650.36,643.66,650.36,643.66,619.82,盗用必究
298.66,615.54,298.66,650.36,442.23,650.36,442.23,615.54,实拍图片
106.34,616.61,106.34,651.96,255.8,651.96,255.8,616.61,瑞轩科技
224.2,319.29,224.2,351.96,523.13,351.96,523.13,319.29,瑞轩科技有限公司
