544.19,236.97,544.19,255.37,586.59,255.37,586.59,236.97,op
164.19,333.77,164.19,399.37,301.79,399.37,301.79,333.77,颜色
164.99,254.57,164.99,323.37,304.99,323.37,304.99,254.57,秒换
34.59,671.55,34.59,728.35,404.99,728.35,404.99,671.55,加送软壳+支架
36.19,596.35,36.19,655.55,284.19,655.55,284.19,596.35,买一送一
52.19,517.95,52.19,557.95,394.59,557.95,394.59,517.95,PVC冰膜前后贴纸
48.99,116.17,48.99,143.37,147.39,143.37,147.39,116.17,适用于
164.99,108.17,164.99,146.57,341.79,146.57,341.79,108.17,oppoR11S
52.99,51.37,52.99,86.57,208.99,86.57,208.99,51.37,newyu
217.79,44.17,217.79,64.97,238.59,64.97,238.59,44.17,®
