406.44,860.77,408.75,867.12,561.63,820.38,557.6,814.04,###
401.83,851.54,403.56,859.62,555.87,814.04,550.67,807.12,###
409.9,779.42,412.79,801.92,491.25,777.69,486.63,763.85,iphone
455.48,796.73,455.48,811.15,471.63,811.15,471.63,796.73,s
311.25,234.23,308.94,256.15,467.6,255.0,464.71,234.23,letyoualwaysshine
220.67,206.54,213.75,231.35,550.1,228.46,552.4,212.31,ftighlightelectroplting,hotmeltwater
187.21,181.15,187.21,204.23,420.29,204.23,420.29,181.15,高光电镀，热熔水钻，
437.02,181.73,437.02,203.65,586.44,203.65,586.44,181.73,让您时刻闪耀
614.13,374.42,615.87,386.54,680.48,394.04,676.44,380.19,e50ml
614.71,336.92,616.44,355.96,681.06,364.04,676.44,347.31,###
600.29,271.15,603.75,297.69,697.79,304.62,664.33,286.15,###
618.75,303.46,623.37,318.46,695.48,329.42,690.87,313.27,###
608.37,454.62,615.87,470.77,676.44,475.96,667.21,459.81,###
607.21,493.85,611.25,514.62,679.9,520.38,670.67,501.35,###
606.06,537.12,609.52,557.88,680.48,561.35,670.1,538.27,###
584.13,555.0,590.48,576.92,662.02,583.27,659.71,563.08,###
250.67,154.04,250.67,177.69,499.33,177.69,499.33,154.04,每个女神都是独特闪耀
192.98,72.12,192.98,140.77,550.1,140.77,550.1,72.12,典雅女神范
