37.07,41.07,37.07,67.2,216.27,58.67,218.4,33.07,专业一站式配单
62.13,97.6,62.13,111.47,248.27,111.47,248.27,97.6,HTTO://XETSM.TMALL.COM
264.8,98.67,264.8,109.33,289.87,109.33,289.87,98.67,GO
431.2,50.13,467.47,105.07,554.4,84.27,553.33,18.13,全新
560.27,25.6,557.6,84.27,660.0,84.8,660.0,22.93,原装
668.53,33.6,660.0,83.2,768.8,96.53,768.8,38.4,正品
159.73,453.33,152.8,484.27,618.4,484.8,620.53,448.53,深圳市新尔特电子有限公司
151.73,489.6,150.13,506.13,618.4,509.33,618.4,487.47,SHENZHENXINERTEELECTRONICSCO,LTD
80.8,773.33,76.53,796.27,290.4,796.27,296.27,773.33,新尔特数码专营店
344.8,772.27,336.8,796.27,631.2,796.8,631.2,772.27,真诚微笑服务您
