64.36,54.55,64.36,71.27,142.18,71.27,142.18,54.55,SHUODIAN
48.36,87.27,51.27,119.27,92.73,152.0,79.64,93.82,硕
109.45,147.64,113.09,95.27,153.09,85.82,158.91,129.45,典
494.91,36.36,494.91,84.36,763.27,84.36,763.27,36.36,满40元包邮
494.18,109.09,494.18,155.64,737.09,155.64,737.09,109.09,多规格可选
28.73,205.09,28.73,250.91,332.0,250.91,332.0,205.09,黏力强韧性强
131.27,498.18,126.18,488.73,162.55,454.55,165.45,465.45,###
169.09,463.27,165.45,453.09,235.27,433.45,236.0,444.36,Produceco,.Itd.
156.0,522.18,156.0,517.82,169.09,508.36,172.0,513.45,###
174.18,512.73,171.27,502.55,236.0,485.09,238.91,493.82,Produceco,.Itd.
316.0,440.73,315.27,448.0,335.64,454.55,334.18,443.64,###
316.0,488.0,316.0,497.45,345.82,509.82,344.36,498.18,###
262.91,479.27,262.91,490.18,298.55,490.18,298.55,479.27,比硕
261.45,430.55,261.45,441.45,294.91,441.45,294.91,430.55,比硕
260.73,442.91,262.18,450.18,300.0,453.09,300.0,442.91,BISHUO
264.36,490.91,265.09,499.64,304.36,503.27,302.18,496.0,BISHUO
265.09,529.45,265.09,537.45,301.45,537.45,301.45,529.45,比
599.64,376.73,602.55,363.64,542.91,340.36,539.27,347.64,###
536.36,348.36,539.27,338.91,488.36,341.82,487.64,348.36,###
486.91,379.64,488.36,387.64,533.45,401.45,539.27,391.27,###
542.18,394.91,537.82,400.73,567.64,419.64,569.82,410.18,###
590.18,415.27,585.82,423.27,617.82,448.73,621.45,438.55,BISHUO
589.45,429.82,582.91,432.73,608.36,461.09,612.73,446.55,比硕
618.55,384.0,615.64,392.0,642.55,416.0,645.45,407.27,比硕
620.0,373.09,619.27,380.36,653.45,406.55,654.91,394.91,BISHUO
555.27,457.45,554.55,464.0,586.55,493.09,590.18,481.45,BISHUO
662.91,429.09,690.55,484.36,699.27,480.73,670.91,424.73,###
628.73,469.09,652.73,512.73,661.45,514.18,636.0,466.18,###
689.09,483.64,689.09,508.36,697.82,508.36,697.82,483.64,###
