62.59,77.81,62.59,94.14,148.92,91.81,145.42,77.81,睿宝旅游
217.76,60.31,217.76,88.31,245.76,89.47,249.26,60.31,随
273.76,94.14,273.76,111.64,427.76,111.64,427.76,94.14,FollowYourHeart,
435.92,95.31,435.92,112.81,523.42,112.81,523.42,95.31,VIPTravel
102.26,215.47,98.76,288.97,606.26,287.81,606.26,215.47,全国酒店预订
208.42,302.97,208.42,329.81,327.42,329.81,327.42,302.97,实价有房
372.92,304.14,372.92,328.64,490.76,328.64,490.76,304.14,无房赔付
278.42,441.81,272.59,483.81,367.09,482.64,365.92,442.97,400
370.59,482.64,370.59,454.64,539.76,454.64,539.76,482.64,-6050-300
279.59,494.31,279.59,519.97,542.09,519.97,542.09,494.31,全国统一客服热线
271.42,60.31,272.59,84.81,302.92,87.14,302.92,60.31,心
328.59,61.47,328.59,87.14,356.59,87.14,356.59,60.31,去
381.09,59.14,379.92,87.14,409.09,89.47,409.09,59.14,旅
434.76,60.31,434.76,89.47,465.09,89.47,465.09,60.31,行
