21.28,225.81,26.93,237.99,167.44,167.95,162.22,157.51,店主QQ2812425724
171.35,167.52,167.87,154.47,246.17,116.19,252.26,129.67,盗图投诉到底
166.13,144.46,158.74,129.67,220.07,100.96,227.47,114.88,现货秒发
104.36,156.64,112.19,171.0,142.21,157.51,133.94,142.29,格式
64.78,175.78,70.43,189.27,100.01,175.78,94.36,163.17,PDF
23.89,197.1,28.67,210.58,59.99,196.66,53.47,181.87,高清
104.36,79.12,104.36,87.82,250.09,87.82,250.09,79.12,Davidl,Nelson|MichaelMcox
33.46,52.58,34.76,67.81,251.39,69.55,249.65,53.45,PrinciplesofBiocheminstry
211.81,38.23,211.81,44.32,249.65,44.32,249.65,38.23,###
34.33,34.75,34.33,43.45,86.96,43.45,86.96,34.75,Lehninger
