380.41,576.73,380.41,591.73,588.01,591.73,588.01,576.73,Http：//bjbg118.taobao.com
386.41,544.93,386.41,570.73,498.61,570.73,498.61,544.93,百佳办公
510.01,550.33,510.01,567.13,585.01,567.13,585.01,550.33,直销旗舰店
67.81,165.39,67.81,516.99,105.61,516.99,105.61,165.39,进口精品不伤机器
497.41,161.79,497.41,518.19,537.01,518.19,537.01,161.79,高清打印强粘覆膜
201.01,378.99,201.01,341.79,208.81,341.79,208.81,378.99,###
219.01,375.39,219.01,339.39,209.41,339.39,209.41,375.39,###
317.41,308.46,317.41,320.46,351.61,320.46,351.61,308.46,TTe-211
384.61,308.46,384.61,316.26,398.41,316.26,398.41,308.46,###
198.61,293.46,198.61,306.06,238.21,306.06,238.21,293.46,TAPE
317.41,274.86,317.41,302.46,396.61,302.46,396.61,274.86,白底黑字
328.81,235.26,328.81,267.06,352.81,267.06,352.81,235.26,6
358.81,249.66,358.81,268.26,398.41,268.26,398.41,249.66,mm
315.01,211.26,315.01,225.66,369.01,225.66,369.01,211.26,强粘覆膜
198.61,248.46,198.61,261.06,295.81,261.06,295.81,248.46,TTe精品标签色带
196.21,214.26,196.21,242.46,294.61,242.46,294.61,214.26,精品贴
34.21,94.59,34.21,122.19,132.61,122.19,132.61,94.59,精品标签
34.21,64.59,34.21,86.79,129.01,86.79,129.01,64.59,进口材质
41.41,28.59,41.41,50.79,120.61,50.79,120.61,28.59,NEW
