636.22,715.22,636.22,733.41,650.04,733.41,650.04,715.22,I
687.13,721.04,687.13,737.04,703.13,737.04,703.13,721.04,U
151.13,630.13,150.29,641.14,182.4,640.32,182.4,630.13,slide
188.22,627.95,188.22,636.68,198.4,636.68,198.4,627.95,o
200.58,627.95,200.58,637.41,236.22,634.5,236.22,622.13,unloc
355.49,615.59,355.49,629.41,388.94,629.41,386.76,618.5,slide
398.4,619.22,398.4,630.13,405.67,630.13,405.67,619.22,o
412.22,619.95,412.22,630.86,450.04,630.86,450.04,619.95,unloc
562.76,617.77,566.4,627.22,655.13,637.41,655.13,625.04,###
631.85,474.5,631.85,492.68,644.94,492.68,644.94,474.5,I
682.76,479.59,680.58,499.22,695.85,499.22,695.85,478.13,U
119.13,411.22,122.76,421.41,229.67,411.95,231.13,400.32,Tuesday,Septenber9
346.76,380.68,345.31,393.77,467.49,393.77,467.49,379.22,Tuesday,Septenber9
576.58,400.32,585.31,411.95,684.94,423.59,687.13,412.68,Tuesday,Septenber9
115.49,362.5,126.4,405.41,222.4,392.32,217.31,355.22,9:41
349.67,329.04,354.04,373.41,455.85,374.86,457.31,331.22,9:41
587.49,354.5,586.04,396.68,679.13,403.95,680.58,363.95,9:41
83.49,309.41,83.49,316.68,106.76,314.5,103.85,307.22,EVER
238.4,291.22,238.4,299.95,257.31,299.95,257.31,291.22,82%
319.13,267.22,319.13,277.41,345.31,277.41,345.31,267.22,EVER
484.22,267.22,484.22,278.13,506.76,278.13,506.76,267.22,82%
565.67,296.32,565.67,305.77,587.49,305.77,587.49,296.32,EVER
716.22,310.13,716.22,321.77,733.67,321.77,733.67,310.13,82%
271.13,104.64,263.13,129.37,520.58,129.37,520.58,100.28,卡通浮雕钢化玻璃膜
247.85,38.46,252.94,88.64,531.49,87.18,531.49,38.46,带套不顶膜
599.85,117.0,604.94,165.0,706.04,165.0,706.04,117.0,包赔
601.31,60.28,601.31,109.73,706.76,109.73,706.76,60.28,贴坏
