1.84,25.22,1.84,60.22,138.34,60.22,138.34,25.22,SHAPE
3.01,68.38,3.01,103.38,122.01,103.38,122.01,68.38,ISSUE
3.01,116.22,3.01,130.22,129.01,130.22,129.01,116.22,Fashionfor
4.17,139.55,4.17,154.72,140.67,154.72,140.67,139.55,EveryFigure
286.51,242.22,286.51,253.88,339.01,253.88,339.01,242.22,KAVON
1.84,167.55,1.84,186.22,69.51,186.22,69.51,167.55,From
1.84,196.72,1.84,214.22,60.17,214.22,60.17,196.72,Size
66.01,196.72,66.01,215.38,106.84,215.38,106.84,196.72,Oto
1.84,227.05,1.84,244.55,59.01,244.55,59.01,227.05,Size
68.34,218.88,68.34,243.38,99.84,243.38,99.84,218.88,20
304.01,68.38,304.01,78.88,357.67,78.88,357.67,68.38,KAVON
3.01,286.55,3.01,312.22,147.67,312.22,147.67,286.55,WORKIT!
5.34,314.55,5.34,334.38,111.51,334.38,111.51,314.55,LongerLegs,
4.17,334.38,4.17,349.55,118.51,349.55,118.51,334.38,LeanerLines,
3.01,349.55,3.01,364.72,147.67,364.72,147.67,349.55,SexierSlthouette
15.84,370.55,15.84,384.55,85.84,384.55,85.84,370.55,THERIGHT
14.67,383.38,14.67,398.55,146.51,398.55,146.51,383.38,SMMSUITFORYOUR
13.51,400.88,13.51,412.55,88.17,412.55,88.17,400.88,BODYTYPE
1.84,427.85,1.84,447.68,68.34,447.68,68.34,427.85,From
4.17,455.85,5.34,474.51,61.34,474.51,61.34,455.85,Size
66.01,455.85,66.01,474.51,108.01,474.51,108.01,455.85,Oto
1.84,483.85,1.84,502.51,60.17,502.51,60.17,483.85,Size
68.34,476.85,68.34,502.51,97.51,502.51,97.51,476.85,20
109.17,401.01,109.17,460.51,441.67,460.51,439.34,392.85,恋恋de衣橱
98.67,487.35,98.67,528.18,693.67,528.18,693.67,487.35,http://8-1-8.taobao.com
634.17,19.64,676.17,68.64,686.67,60.47,647.01,16.14,NIP/TUCK
600.34,-0.19,691.34,102.47,699.51,97.81,612.01,-1.36,Designing a Perfect Body
4.17,546.2,12.34,573.03,146.51,573.03,146.51,546.2,WORKIT!
4.17,580.03,4.17,594.03,112.67,594.03,112.67,580.03,LongerLegs,
4.17,595.2,4.17,606.87,116.17,606.87,116.17,595.2,LeanerLines,
4.17,609.2,4.17,624.37,146.51,624.37,146.51,609.2,SexierSlthouette
17.01,631.37,17.01,644.2,84.67,644.2,84.67,631.37,THERIGHT
15.84,645.37,15.84,658.2,145.34,658.2,145.34,645.37,SMMSUITFORYOUR
14.67,659.37,14.67,673.37,92.84,673.37,92.84,659.37,BODYTYPE
1.84,687.37,1.84,704.87,74.17,704.87,74.17,687.37,From
3.01,713.03,3.01,735.2,59.01,735.2,59.01,713.03,Size
66.01,710.7,66.01,734.03,108.01,734.03,108.01,710.7,Oto
3.01,744.53,3.01,762.03,59.01,762.03,59.01,744.53,Size
66.01,738.7,66.01,762.03,101.01,762.03,101.01,738.7,20
5.34,805.2,5.34,834.37,147.67,834.37,147.67,805.2,WORKIT!
6.51,837.87,6.51,851.87,122.01,851.87,122.01,837.87,LongerLegs,
574.67,899.7,574.67,910.2,698.34,909.03,694.84,899.7,###
574.67,913.7,574.67,925.37,694.84,925.37,694.84,913.7,###
