234.92,61.79,234.92,114.23,340.7,114.23,340.7,61.79,尚洁
257.14,104.46,257.14,115.12,313.14,115.12,313.14,104.46,###
232.25,128.46,232.25,140.9,340.7,140.9,340.7,128.46,###
150.47,181.79,150.47,239.57,424.25,239.57,424.25,181.79,2016新款
156.7,267.12,156.7,332.9,419.81,332.9,419.81,267.12,物理灭蚊
156.7,369.35,156.7,433.27,421.59,433.27,421.59,369.35,母婴推荐
581.59,442.15,581.59,464.38,644.7,464.38,644.7,442.15,灭蚊器
544.25,447.49,544.25,464.38,580.7,464.38,580.7,447.49,###
656.25,442.15,660.7,454.6,689.14,451.04,688.25,436.82,###
666.92,478.6,668.7,485.71,693.59,479.49,692.7,474.15,###
660.7,472.38,660.7,480.38,690.03,476.82,686.47,468.82,###
682.92,459.93,682.03,467.04,654.47,471.49,654.47,463.49,###
188.7,599.57,188.7,632.46,404.7,632.46,404.7,599.57,光触媒灭蚊灯
320.25,644.9,320.25,688.46,792.25,688.46,792.25,644.9,APP20：00-23：59
456.25,761.35,456.25,793.35,602.92,793.35,602.92,761.35,原价256
626.92,729.35,626.92,785.35,669.59,785.35,669.59,729.35,¥
674.92,734.68,674.92,775.57,768.25,775.57,768.25,734.68,156
430.47,707.12,430.47,751.57,617.14,751.57,617.14,707.12,限时秒杀
31.36,641.35,31.36,711.57,242.03,711.57,242.03,641.35,无辐射
11.81,720.46,11.81,792.46,288.25,792.46,288.25,720.46,正品联保
51.81,620.09,50.92,627.2,120.25,636.09,118.47,628.98,###
44.7,470.76,44.7,478.76,77.59,478.76,77.59,470.76,###
44.7,395.29,44.7,401.51,81.14,401.51,81.14,395.29,###
40.25,315.29,40.25,325.06,74.92,325.06,74.92,315.29,###
