4.67,684.0,4.67,786.67,392.67,786.67,392.67,684.0,12强光灯
418.0,685.33,418.0,780.0,787.33,780.0,787.33,685.33,驱属之神
303.33,608.0,303.33,661.33,482.0,661.33,482.0,608.0,W218
532.67,604.0,532.67,656.0,754.0,656.0,754.0,604.0,汽车专用
538.0,521.33,538.0,576.0,763.33,576.0,763.33,521.33,低耗电型
539.33,450.67,539.33,505.33,763.33,505.33,763.33,450.67,多项专利
544.67,386.67,544.67,437.33,760.67,437.33,760.67,386.67,主机防水
538.0,316.0,538.0,369.33,760.67,369.33,760.67,316.0,自动关闭
539.33,248.0,539.33,301.33,759.33,301.33,759.33,248.0,模式可调
540.67,181.33,540.67,232.0,766.0,232.0,766.0,181.33,声光结合
67.33,178.67,67.33,352.0,148.67,352.0,148.67,178.67,高效
8.67,34.67,8.67,134.67,528.67,134.67,528.67,34.67,老鼠不跑光
580.67,36.0,580.67,134.67,788.67,134.67,788.67,36.0,包退
445.78,593.78,436.89,576.0,523.11,527.11,527.56,551.11,缤纷日子
