1205.36,1319.92,1205.36,1349.25,1312.03,1349.25,1312.03,1319.92,###
1189.36,1271.92,1189.36,1322.58,1333.36,1322.58,1333.36,1271.92,橄榄油
1197.36,1085.25,1197.36,1119.92,1306.7,1119.92,1306.7,1085.25,米维诗
1152.03,1037.25,1152.03,1085.25,1352.03,1077.25,1360.03,1037.25,MIYN
1368.03,1031.92,1368.03,1053.25,1392.03,1053.25,1392.03,1031.92,®
664.03,1095.92,664.03,1175.92,893.36,1175.92,893.36,1095.92,壬辰纹
661.36,1002.58,661.36,1079.92,826.7,1079.92,826.7,1002.58,卸妆
650.7,914.58,650.7,994.58,810.7,991.92,810.7,914.58,护法
661.36,810.58,661.36,895.92,810.7,895.92,810.7,810.58,补水
288.03,1090.58,288.03,1162.58,413.36,1162.58,413.36,1090.58,DIY
282.7,1005.25,282.7,1077.25,440.03,1077.25,440.03,1005.25,护唇
282.7,903.92,282.7,991.92,437.36,991.92,437.36,903.92,护肤
285.36,818.58,285.36,898.58,445.36,895.92,448.03,818.58,保湿
202.7,514.58,202.7,693.25,1112.03,693.25,1112.03,514.58,万用橄榄油
58.7,295.92,58.7,509.25,394.7,509.25,394.7,295.92,1瓶
400.03,362.58,400.03,487.92,1072.03,487.92,1072.03,362.58,液体”黄金“
42.7,95.92,42.7,181.25,282.7,181.25,282.7,95.92,米雅诗
40.03,37.25,40.03,101.25,264.03,101.25,264.03,37.25,MIYN
285.36,26.58,285.36,71.92,325.36,71.92,325.36,26.58,®
141.81,1318.14,141.81,1425.34,311.41,1425.34,311.41,1318.14,买1
138.61,1438.14,129.01,1554.94,305.01,1554.94,305.01,1449.34,送1
