424.61,110.79,424.61,138.15,651.79,138.15,651.79,110.79,公众微信号：姜大毛
453.25,178.25,453.25,192.88,601.52,192.88,601.52,178.25,Womenisneedshowthem
487.61,190.34,487.61,206.88,579.88,206.88,579.88,190.34,Need,andhope,
436.7,205.61,436.7,220.88,637.15,220.88,637.15,205.61,Longdgo,FoecerTogctherNostop
404.88,234.95,404.88,273.77,544.88,273.77,544.88,234.95,###
570.34,242.59,570.34,270.59,689.34,270.59,689.34,242.59,SHOW
463.43,274.41,463.43,296.68,607.25,296.68,607.25,274.41,###
410.61,312.59,410.61,329.77,661.97,329.77,661.97,312.59,Yheaulychice,lashioonsilibeoues
429.06,334.23,429.06,350.13,626.97,350.13,626.97,334.23,Pleaselelicueinus.ohycah
424.61,353.95,424.61,372.41,633.97,372.41,633.97,353.95,awnetqle.allleautiguethiuge
465.97,378.13,465.97,390.23,608.52,390.23,608.52,378.13,euenylodgcolaun...
472.97,55.92,472.97,78.2,637.79,78.2,637.79,55.92,CLickhereto：
