631.46,662.48,631.46,700.01,774.23,700.01,774.23,662.48,618狂欢
629.62,703.71,629.62,740.63,774.23,740.63,774.23,703.71,一降到底
65.31,382.48,65.31,397.86,125.62,399.71,123.77,382.48,TVprofe
147.15,349.86,147.15,360.94,175.46,360.94,175.46,349.86,mat
550.23,386.17,550.23,398.48,733.0,398.48,734.85,384.32,ersandvolumetvpeKTV
528.08,367.09,528.08,380.63,655.46,380.63,655.46,367.09,kesvstem.itsK
481.92,328.94,483.77,345.55,598.85,346.78,600.08,331.4,sticstechnology
511.46,348.63,511.46,362.78,646.85,362.78,646.85,348.63,geofKTVspeaker
454.23,312.94,454.23,327.71,686.85,327.71,686.85,312.94,rsofresearchanddevelopment,
104.69,311.71,105.31,325.25,226.54,325.25,226.54,314.78,FROSSfocuson
65.31,244.63,65.31,282.17,723.77,282.17,723.77,244.63,HD-606专业舞台or家庭影院/中置音箱
254.23,31.71,254.23,90.17,568.08,90.17,568.08,31.71,FROSS
574.23,23.71,574.23,57.55,609.92,57.55,609.92,23.71,Ⓡ
276.38,104.32,276.38,133.25,387.77,133.25,387.77,104.32,官方直销
22.0,143.2,22.0,231.2,377.2,231.2,377.2,143.2,精准人声
420.4,141.6,420.4,231.2,768.4,231.2,768.4,141.6,中置音箱
679.6,56.8,679.6,85.6,744.4,85.6,744.4,56.8,正品
677.2,19.2,677.2,49.6,744.4,49.6,744.4,19.2,专柜
414.8,104.8,414.8,129.6,511.6,129.6,511.6,104.8,FROSS
413.2,428.8,435.6,448.8,420.4,460.8,392.4,444.8,F
394.0,447.2,390.8,452.8,414.0,470.4,416.4,464.0,###
