12.17,9.58,12.17,219.37,54.91,219.37,54.91,9.58,挪威直邮
98.94,187.0,100.23,641.54,131.31,642.84,128.72,187.0,含月见草精华素
227.14,622.12,233.62,675.21,567.73,631.18,563.84,581.97,挪威的小小货栈
277.65,574.2,277.65,589.74,367.0,601.4,367.0,585.86,KOSTTILSKUDD
694.64,364.41,694.64,641.54,742.55,641.54,742.55,364.41,保护卵巢
722.61,10.79,722.61,219.29,767.93,219.29,767.93,10.79,微信代购
609.94,161.88,609.94,501.16,663.04,501.16,663.04,161.88,调节内分泌
281.01,484.76,278.43,499.01,350.94,505.48,353.53,487.35,OGFOLAT
281.01,466.63,281.01,482.17,427.35,487.35,427.35,470.52,KAKAO,VITAMINER
278.43,447.21,283.6,464.04,427.35,467.93,426.05,452.39,MEDNATTLYSOLJE
281.01,402.75,281.01,440.3,406.63,440.3,407.92,406.63,KVINNE
278.43,349.65,279.72,393.68,510.23,396.27,510.23,347.06,OMEGA-3
278.43,312.09,278.43,345.76,410.51,345.76,410.51,312.09,TRIPPEL
278.43,267.63,278.43,280.58,405.33,280.58,402.75,265.04,PRODUSERTINORGE
279.72,235.26,279.72,261.16,449.36,261.16,449.36,235.26,BIOPHARMA
475.26,440.73,472.67,453.68,518.0,453.68,516.7,440.73,Godtfor
503.75,577.14,508.93,590.09,527.06,587.5,521.88,574.55,120
524.48,575.84,523.18,584.91,546.49,577.14,542.61,561.6,###
472.67,479.58,476.56,492.53,521.88,487.35,520.59,474.4,farsvaret
446.77,461.45,448.07,476.99,529.65,466.63,529.65,456.27,hjertetogimmve
