154.75,620.0,156.25,626.5,212.75,647.5,211.75,641.5,###
218.75,643.5,220.75,651.5,294.25,659.5,292.75,653.0,5gal/18.9L
128.25,585.5,128.25,618.0,404.25,618.0,404.25,585.5,18222627512
257.25,566.5,261.25,572.0,303.25,574.0,301.75,568.0,###
257.25,572.0,261.25,579.5,306.25,581.5,302.25,576.5,###
310.75,577.0,307.75,582.5,353.75,582.0,355.75,575.5,unused
359.25,574.0,360.25,583.0,403.25,576.0,403.25,568.0,portion
406.25,568.0,406.25,573.5,416.25,573.5,416.25,568.0,to
421.25,573.0,419.25,567.0,497.25,538.5,495.25,544.5,###
304.75,569.5,306.75,575.5,361.25,574.0,362.25,568.0,moisture
367.25,565.0,365.25,573.5,393.75,570.0,393.75,563.5,from
396.75,560.5,397.25,568.5,414.75,567.0,414.75,560.5,the
417.25,557.5,418.25,566.5,434.25,562.0,434.25,555.5,alr.
437.25,560.5,437.25,552.5,494.75,531.0,495.25,538.0,Keep
298.75,547.0,301.25,556.5,396.25,552.0,396.25,544.5,Corporation
125.75,530.5,125.75,565.5,316.75,565.5,316.75,530.5,订购热线
325.75,536.5,325.75,545.5,349.75,545.5,349.75,536.5,the
356.25,537.5,356.25,543.5,422.75,537.0,421.75,529.0,reseach
499.75,502.5,499.75,509.5,430.25,534.0,424.25,528.0,###
310.25,526.0,307.75,534.0,327.75,534.0,327.75,524.5,all
333.25,526.0,333.25,533.0,366.25,533.0,366.25,526.0,with
372.25,532.0,373.25,522.5,442.25,514.0,442.75,522.0,HFC-134a
132.75,502.0,135.75,508.5,152.75,516.0,152.25,508.5,and
155.75,509.0,156.75,517.5,177.75,525.0,178.75,518.5,has
194.25,513.5,191.75,521.5,249.25,529.0,248.75,520.5,internal
254.75,523.5,258.25,531.5,297.25,534.0,295.75,525.5,###
148.25,487.5,146.25,496.0,194.25,510.5,191.75,499.0,17/19E,
198.25,501.5,198.75,510.0,228.75,517.0,228.25,509.5,19X,
236.25,509.0,236.25,519.5,358.75,523.0,356.25,514.0,19faAND17FA
369.75,526.5,362.25,516.0,485.75,488.0,487.25,497.5,compressorswith
182.75,488.5,183.75,498.5,280.75,511.5,283.25,503.0,wasblended
285.75,503.5,285.75,513.5,377.25,512.0,377.75,503.5,specifically
383.75,501.5,386.25,510.0,452.25,498.0,453.75,490.0,forusein
202.25,480.5,203.25,490.5,229.75,494.0,230.25,486.5,The
236.25,490.0,238.25,498.0,355.75,500.5,355.75,490.0,contentofthis
362.75,500.5,363.75,493.5,436.25,484.5,436.25,491.0,container
234.75,471.0,234.25,484.5,324.75,489.0,326.25,477.0,PP23BZ
334.25,479.0,335.75,490.0,407.25,484.5,406.75,474.5,103005
230.25,401.5,234.75,426.0,414.25,423.5,412.75,405.5,Synthetic
188.25,424.0,191.75,451.5,395.25,461.5,397.75,434.0,centrifugal
407.75,435.0,410.75,451.5,453.75,445.0,453.75,425.0,oil
219.19,267.75,209.56,308.0,476.44,295.75,465.06,263.38,refrigeration
215.69,217.88,219.19,245.88,529.81,252.0,534.19,220.5,andtechnology
214.81,158.38,214.81,190.75,535.06,190.75,535.06,158.38,Brilliantscience
210.44,103.25,210.44,141.75,455.44,141.75,455.44,103.25,辉煌科技制冷
660.19,311.5,658.44,324.63,685.56,332.5,688.19,317.63,上海
527.19,125.13,525.44,146.13,559.56,141.75,558.69,125.13,###
591.06,110.25,591.06,118.13,620.81,118.13,620.81,110.25,###
517.56,20.13,517.56,41.13,549.06,41.13,549.06,20.13,H
288.35,13.46,288.35,21.0,331.96,21.0,331.96,13.46,###
677.65,248.77,672.27,256.85,695.96,259.0,695.96,249.85,###
688.96,198.69,684.65,219.69,698.12,224.54,698.12,198.69,###
