40.69,32.69,40.69,57.73,84.51,57.73,84.51,32.69,新品
41.39,60.51,41.39,85.55,85.21,85.55,85.21,60.51,出售
267.44,58.43,267.44,102.25,556.1,102.25,556.1,58.43,硬盘控制器
199.97,116.85,199.97,159.28,596.44,159.28,596.44,116.85,省时•省心•省力•省钱
330.74,169.72,330.74,181.54,593.66,181.54,593.66,169.72,Savetime,warryandeffarttosavemoney
298.74,187.1,298.74,204.49,594.35,204.49,594.35,187.1,办公、财务、娱乐、网购支付、网银、开发、DIY等等
503.93,206.58,503.93,223.27,591.57,223.27,591.57,206.58,一台电脑全搞定
131.11,264.31,131.11,279.61,195.1,279.61,195.1,264.31,CCOS
175.63,315.78,175.63,334.56,346.73,334.56,346.73,315.78,硬盘控制器
188.15,337.34,188.15,347.78,334.21,347.78,334.21,337.34,www.dgyztos.com
484.45,444.46,484.45,511.23,600.61,511.23,600.61,444.46,299
439.94,442.37,439.94,484.11,478.89,484.11,478.89,442.37,¥
480.28,549.49,480.28,586.35,544.97,586.35,544.97,549.49,包邮
395.42,283.79,400.29,311.61,410.03,311.61,404.47,284.48,主硬盘
419.77,283.09,426.03,308.83,434.37,310.91,429.51,281.7,副盘1
444.81,283.09,448.98,311.61,460.11,313.0,455.24,284.48,副盘2
469.85,282.4,476.11,310.22,484.45,312.3,477.5,282.4,副盘3
494.19,282.4,499.76,311.61,510.19,312.3,503.23,282.4,电源灯
