424.0,636.89,424.0,620.89,360.0,620.89,360.0,634.22,CAPLETS
304.0,634.22,306.67,626.22,357.33,624.89,357.33,631.56,###
286.67,612.89,286.67,628.89,297.33,628.89,297.33,612.89,###
290.67,566.22,292.0,580.89,446.67,586.22,440.0,572.89,forenchancedbloodflow
448.0,578.22,446.67,572.89,445.33,570.22,445.33,578.22,·
288.0,548.89,288.0,566.22,360.0,566.22,356.0,555.56,###
360.0,555.56,360.0,570.22,469.33,570.22,469.33,551.56,exideproduction
292.0,544.89,296.0,530.22,418.67,532.89,418.67,548.89,1,000mgoforgining
288.0,523.56,288.0,508.89,414.67,514.22,421.33,528.89,900mgofmacaroot
420.0,500.89,420.0,484.89,333.33,484.89,333.33,500.89,FORMEN
282.67,495.56,282.67,482.22,333.33,482.22,333.33,495.56,###
282.67,480.89,285.33,466.22,446.67,471.56,442.67,487.56,ADOANCEDSEXLIALHEALTH
372.0,459.56,372.0,447.56,286.67,447.56,286.67,459.56,###
282.67,411.56,282.67,444.89,357.33,444.89,357.33,411.56,Man·
368.0,411.56,368.0,380.89,285.33,380.89,285.33,411.56,Maca
426.67,383.56,426.67,335.56,285.33,335.56,285.33,383.56,MENIS
357.33,319.56,357.33,295.56,286.67,295.56,286.67,319.56,GNC
484.0,342.22,484.0,524.89,516.0,524.89,516.0,342.22,Naca
521.33,284.89,521.33,623.56,538.67,623.56,538.67,284.89,###
580.0,548.89,580.0,626.22,749.33,626.22,749.33,548.89,现货
578.67,539.56,578.67,464.89,746.67,464.89,746.67,539.56,正品
617.33,108.89,617.33,92.89,778.67,92.89,778.67,108.89,G.TAOBAO.COM
618.67,86.22,618.67,39.56,781.33,39.56,781.33,86.22,全球购
205.33,240.89,205.33,215.56,105.33,215.56,105.33,240.89,美莱美货
138.67,198.22,138.67,176.89,228.0,176.89,228.0,198.22,美国原装
128.0,198.22,128.0,172.89,80.0,172.89,80.0,198.22,100%
202.67,155.56,202.67,119.56,73.33,119.56,73.33,155.56,USALIF°
343.11,744.89,343.11,743.56,344.44,743.56,344.44,744.89,###
