25.02,152.73,17.12,90.41,456.01,10.53,461.27,71.1,豪华版上山火车
20.63,237.88,9.22,186.97,216.37,138.69,227.78,185.21,动感十足
9.22,280.89,2.19,258.94,391.93,163.27,398.07,182.58,让宝宝开动小火车，开启快乐的旅程吧！
56.62,324.78,56.62,345.84,244.46,345.84,244.46,324.78,培养孩子色彩认知能力
58.37,356.38,58.37,373.93,246.22,373.93,246.22,356.38,加强与孩子互动和交流
58.37,384.47,58.37,403.78,225.15,403.78,225.15,384.47,提高孩子创造性思维
57.49,413.43,57.49,433.62,207.59,433.62,207.59,413.43,锻炼孩子动手能力
286.59,357.26,281.33,341.46,355.06,308.1,363.84,323.9,呜呜呜~~
297.13,356.38,305.03,373.06,417.38,328.29,411.24,308.98,小火车开动啦！
641.55,36.21,641.55,47.4,722.52,47.4,722.52,36.21,Deluxe,Train
641.55,48.06,641.55,59.25,707.38,59.25,707.38,48.06,Goes,Uphill
658.66,114.55,659.32,119.16,677.1,116.53,677.75,111.92,###
652.08,113.23,652.74,109.28,685.0,105.99,685.0,109.28,###
654.71,101.38,654.71,105.99,679.07,105.99,679.07,101.38,###
652.74,101.38,652.74,96.12,684.34,93.48,685.0,99.41,###
739.64,128.38,739.64,132.98,752.15,129.03,750.83,125.74,###
738.98,126.4,739.64,120.47,752.15,115.87,752.8,123.11,###
592.17,179.72,594.15,173.14,613.9,173.14,615.21,178.41,###
590.85,167.22,590.85,171.82,613.24,168.53,613.9,163.27,###
132.33,428.97,132.33,429.76,133.12,429.76,133.12,428.97,###
746.83,31.04,746.83,36.11,756.42,36.11,756.42,31.04,###
668.78,164.42,668.78,168.37,688.53,166.39,687.05,162.44,###
