95.0,80.4,95.0,98.0,218.6,98.0,218.6,80.4,Grindingfairy
12.2,11.6,12.2,98.4,81.8,98.4,81.8,11.6,X
97.8,8.8,97.8,76.0,215.0,76.0,215.0,8.8,磨仙
403.8,36.0,403.8,79.2,448.2,79.2,448.2,36.0,前
382.2,85.2,382.2,127.6,469.0,127.6,469.0,85.2,三名
533.0,15.6,521.4,146.0,647.8,160.4,654.6,21.6,半
670.6,50.4,671.8,152.4,749.4,154.0,783.0,53.2,价
334.6,172.0,328.6,236.4,786.2,235.2,794.2,174.4,角磨机专用开孔器
33.0,266.0,33.0,316.0,345.8,316.0,345.8,266.0,锋利耐用功能强大
260.2,434.4,260.2,450.0,281.0,448.0,277.8,430.0,45
242.6,470.0,242.6,488.8,263.8,488.8,263.8,470.0,X
267.4,467.2,267.4,479.6,293.0,474.0,291.4,464.0,磨仙
267.0,483.2,266.6,487.6,295.4,482.0,295.4,476.8,###
245.8,494.0,244.6,498.8,297.4,490.0,297.4,485.6,###
251.8,502.8,251.0,510.0,271.4,507.6,270.6,500.4,刮涂层
278.2,498.8,276.5,506.0,295.8,502.8,296.6,495.6,查真伪
246.67,516.15,246.67,519.41,264.74,518.52,264.44,514.07,###
246.67,522.37,246.67,525.93,265.63,525.04,264.74,522.07,###
269.19,512.89,269.48,517.04,299.41,511.11,300.0,506.07,###
270.37,519.41,270.37,522.96,298.52,517.63,298.52,514.07,###
473.63,394.37,474.22,411.85,494.07,410.67,494.07,393.78,35
458.81,391.7,454.37,411.85,465.93,416.89,472.15,392.59,Ø
241.93,434.67,241.93,453.93,254.67,453.93,256.44,429.63,Ø
457.04,425.78,457.04,446.22,474.81,446.22,474.81,425.78,X
479.26,425.48,479.26,437.93,508.59,434.37,507.41,423.41,磨仙
478.96,440.89,478.96,446.22,510.96,441.78,511.26,437.04,###
456.44,451.85,457.04,455.41,511.26,450.07,510.96,446.81,###
463.85,459.56,463.85,467.56,485.19,466.67,484.89,459.56,刮涂层
490.81,458.37,490.81,465.19,512.15,461.93,511.26,455.41,查真伪
458.52,473.19,458.52,477.63,477.78,477.63,477.78,473.19,###
457.93,479.41,457.93,483.56,476.89,483.56,476.89,479.41,###
482.52,471.41,482.52,476.15,514.52,470.81,515.11,466.37,###
482.22,478.52,482.22,482.07,514.81,477.63,514.22,473.78,###
705.04,709.93,693.48,724.44,699.41,724.44,713.63,708.15,###
727.85,693.33,713.33,713.19,717.78,712.0,730.22,692.44,###
509.78,589.63,509.78,608.3,522.81,608.3,522.81,589.63,Ø
525.48,591.7,525.48,607.41,534.67,607.41,534.67,591.7,3
506.81,622.52,507.11,639.11,522.81,640.89,522.81,622.52,X
525.48,626.37,525.48,635.56,527.85,635.56,527.85,626.37,###
507.7,645.04,507.7,648.89,526.67,650.67,525.19,647.41,###
511.26,654.22,510.67,660.74,527.85,661.93,527.26,655.41,###
509.48,666.67,509.48,670.22,523.41,670.22,523.41,666.67,###
509.48,672.59,509.19,675.56,524.0,677.04,524.0,672.59,###
528.44,666.96,528.44,671.7,531.11,671.7,531.11,666.96,###
529.04,674.67,529.04,677.33,532.89,677.33,532.89,674.67,###
407.85,585.48,407.85,602.37,415.56,602.37,415.56,585.48,Ø
417.04,589.33,417.33,605.33,436.3,605.33,436.59,590.22,25
406.37,616.0,406.37,623.41,415.56,623.41,416.15,617.19,###
420.0,618.96,420.0,625.19,429.78,625.19,428.59,621.04,###
433.17,621.67,433.33,631.11,446.37,631.11,446.37,621.04,仙
430.07,634.67,430.07,637.63,448.15,637.63,448.15,634.67,###
433.93,642.07,433.93,645.04,451.41,645.04,451.41,642.07,###
434.81,650.96,434.81,657.78,446.67,657.78,446.67,651.56,###
348.89,595.56,346.22,615.41,358.96,615.41,358.96,596.15,Ø
361.93,597.04,361.93,613.04,382.67,610.96,379.11,595.56,20
257.63,609.48,257.63,629.63,270.67,629.63,268.59,607.11,Ø
273.04,609.78,273.93,624.89,293.78,620.74,291.41,606.81,55
384.15,728.0,384.15,738.96,405.78,738.96,399.26,729.19,Ø
384.15,742.22,381.78,751.41,399.26,752.3,398.37,741.93,40
344.44,727.7,344.44,742.52,363.41,742.52,363.41,727.7,X
350.96,744.3,349.19,758.52,359.26,759.11,362.22,744.3,磨仙
334.37,729.48,334.37,760.59,336.74,760.59,336.74,729.48,###
321.63,732.15,321.63,761.78,327.26,761.78,327.26,732.15,###
309.78,728.89,309.78,758.52,314.52,758.52,314.52,728.89,###
303.85,728.59,303.85,762.96,307.11,762.96,307.11,728.59,###
76.89,589.33,76.89,595.26,89.33,595.26,89.33,589.33,Ø
91.11,588.15,91.11,591.7,107.11,591.7,107.11,588.15,###
80.5,600.33,85.19,605.04,101.83,602.0,99.83,596.0,X
103.26,594.07,103.26,597.33,123.7,597.33,123.7,594.07,###
