18.0,24.0,18.0,52.0,94.0,52.0,94.0,24.0,M&G
227.33,22.67,227.33,53.33,98.0,53.33,98.0,22.67,晨光文具
72.67,145.33,72.67,172.0,142.0,172.0,142.0,145.33,M&G
204.67,146.67,204.67,176.0,146.0,176.0,146.0,146.67,晨光
281.0,151.33,281.0,176.67,303.0,176.67,303.0,151.33,蓝
322.33,154.0,322.33,164.67,347.0,162.67,346.33,154.0,0.7
345.67,174.0,345.67,166.0,321.0,166.0,321.0,174.0,mm
393.67,151.33,393.67,174.0,490.33,174.0,490.33,151.33,BP-8106
509.0,147.33,509.0,178.0,599.0,178.0,599.0,147.33,圆珠笔
365.67,232.0,365.67,264.67,429.0,264.67,429.0,232.0,0.7
471.0,243.33,471.0,261.33,429.0,261.33,429.0,243.33,mm
106.33,226.0,106.33,286.0,348.33,286.0,348.33,226.0,HI-LINE
47.0,204.0,47.0,648.67,149.67,648.67,149.67,204.0,今日特价
370.33,440.67,370.33,454.67,644.33,454.67,644.33,440.67,Comeon,Enjoyanddescnibe
649.67,434.67,649.67,454.67,659.67,454.0,658.33,434.67,f
653.67,296.0,653.67,697.33,750.33,697.33,750.33,296.0,全国包邮
55.0,717.33,55.0,794.0,369.67,794.0,369.67,717.33,周年庆典
419.0,720.0,419.0,794.67,731.0,794.67,731.0,720.0,限时抢购
518.33,572.0,518.33,586.0,451.0,597.33,453.67,582.67,###
549.0,555.33,555.67,592.67,566.33,592.67,559.0,553.33,###
549.67,591.33,550.33,597.33,509.67,604.67,509.67,600.67,###
501.67,601.33,503.0,608.0,461.67,614.67,462.33,608.0,###
605.0,18.0,558.33,59.33,735.0,236.67,777.0,192.67,店庆促销
681.67,12.0,643.0,50.67,751.0,156.67,781.67,112.0,HOT
