24.75,66.0,24.75,28.5,383.75,28.5,383.75,66.0,小猴子的悉尼杂货铺
120.75,230.5,120.75,199.0,376.25,199.0,376.25,230.5,BLACKMORES
178.25,260.5,178.25,246.5,322.25,246.5,322.25,260.5,ANTIOXIDANT
121.25,302.0,121.25,274.5,300.25,274.5,300.25,302.0,GRAPESEED
121.25,325.5,121.25,303.0,186.25,303.0,186.25,325.5,FORTE
122.25,345.0,122.25,334.0,325.75,334.0,325.75,345.0,POWERFULHERBALANTIIXIDANT
120.75,367.0,120.75,354.5,301.75,354.5,301.75,367.0,HELPSRELIEVESWELLING.HEAVINESS,PAINAND
124.25,376.0,124.25,366.5,197.25,366.5,197.25,376.0,###
122.25,388.5,122.25,380.0,295.25,380.0,295.25,388.5,Supportscollagenandelastinintheskin
121.25,400.0,121.25,390.0,339.25,390.0,339.25,400.0,Reducestheriskofcelldamageduetofreeradicak
120.42,413.32,120.75,403.5,213.34,404.99,215.42,414.99,###
122.25,427.5,122.25,418.5,215.25,418.5,215.25,427.5,DIETARYSUPPLEMENT
228.25,431.0,228.25,415.5,289.75,415.5,289.75,431.0,30TABLETS
299.25,430.5,299.25,417.0,363.25,417.0,363.25,430.5,AUSTL57429
218.75,404.99,217.5,414.99,345.84,415.82,345.84,404.99,extractequyiv.todryseed12g
