405.03,238.22,405.03,246.72,524.13,246.72,524.13,238.22,tocreateabackhandle
404.42,227.88,404.42,238.82,550.87,238.82,550.87,227.88,Healthybody.Straw,material
713.73,214.52,703.4,249.15,713.13,251.58,725.28,219.38,###
411.71,123.97,411.71,129.44,426.3,116.07,426.3,109.38,2014
446.41,84.47,448.84,89.94,455.53,85.08,453.1,79.0,###
431.83,101.48,433.65,107.56,448.23,91.15,445.8,86.29,第28
402.6,140.38,402.6,175.02,543.58,175.02,543.58,140.38,既要运动
559.38,140.98,558.77,175.02,698.54,175.02,698.54,139.77,更要健康
403.2,185.95,403.2,207.83,677.27,207.83,677.27,185.95,健康材质打造背身、吸管、提手
178.97,684.87,178.97,712.82,276.2,712.82,276.2,684.87,700ml
179.57,720.12,179.57,751.72,278.63,751.72,278.63,720.12,大容量
443.41,641.52,446.45,647.6,451.92,645.77,450.71,638.48,OZ
434.91,637.27,431.26,642.13,440.37,653.67,444.63,648.21,8
407.56,611.74,411.81,621.47,434.3,609.31,430.04,600.2,250ml
349.22,495.47,349.22,503.98,358.34,503.98,358.34,495.47,OZ
332.21,497.9,341.32,512.49,349.83,505.8,344.36,493.04,16
300.0,453.34,305.47,462.45,326.74,449.08,320.66,441.18,500ml
247.74,347.19,247.74,354.49,256.85,354.49,256.85,347.19,OZ
228.29,339.7,235.58,354.89,250.17,345.17,242.27,331.8,24
1.01,215.12,0.41,230.92,41.12,274.07,52.06,267.38,PBODUCT
1.01,241.86,0.41,261.31,24.11,284.4,34.44,277.11,GETT
164.48,45.98,174.81,55.1,219.78,17.42,210.06,7.09,TOTURN
2.23,128.02,-0.2,157.19,31.4,191.22,44.16,168.13,WT
-0.2,93.99,1.01,111.61,53.27,167.52,62.39,156.58,###
32.61,49.83,44.16,60.77,110.4,0.0,92.17,0.0,YOURDEMA
219.17,96.42,210.06,110.4,223.43,121.34,232.54,104.93,H
200.34,91.56,200.34,105.54,214.92,105.54,214.92,91.56,###
188.18,69.88,174.81,81.43,115.26,36.46,122.55,19.45,ANEA
197.91,102.5,178.46,120.73,200.34,138.96,216.74,117.08,P
114.04,37.07,94.6,59.55,148.68,100.88,172.99,81.43,AYE
27.75,53.88,19.24,63.61,31.4,75.76,41.12,66.04,TO
36.26,76.97,72.11,117.69,80.01,111.01,44.77,70.29,###
24.11,80.62,15.6,92.77,69.07,142.61,75.15,131.67,###
2.23,87.91,2.23,91.56,18.64,81.23,19.24,75.76,###
0.41,79.41,0.41,83.05,21.07,70.29,22.89,63.61,###
92.17,110.4,100.07,119.51,123.16,101.89,115.87,91.56,HEEP
71.51,79.41,78.8,87.91,148.07,27.14,140.78,20.46,###
144.43,13.77,153.54,24.71,173.6,2.23,160.84,1.01,YOU
123.77,2.84,117.69,8.31,131.06,19.24,137.14,12.56,S
126.2,-0.2,126.2,8.91,142.61,8.91,142.61,-0.2,###
52.06,69.68,61.78,76.97,120.12,22.28,115.26,14.99,###
43.55,21.67,53.27,30.18,87.91,1.62,71.51,1.01,###
-0.66,445.03,-0.66,488.48,19.09,488.48,19.09,445.03,###
