107.15,972.67,107.15,1005.25,243.15,1005.25,241.73,984.0,Innisfree
434.4,1013.75,434.4,1030.75,505.23,1049.17,512.31,1036.42,final
522.23,1044.92,519.4,1063.34,635.56,1091.67,638.4,1080.34,decision
101.48,941.5,101.48,969.84,193.56,969.84,189.31,948.59,within
211.98,948.59,211.98,972.67,224.73,972.67,224.73,948.59,7
408.9,979.75,410.31,999.59,652.56,1069.0,658.23,1054.84,nasewithreceipt
403.23,945.75,404.65,965.59,526.48,1006.67,526.48,985.42,oductwill
539.23,995.34,537.81,1008.09,568.98,1015.17,568.98,995.34,be
588.81,1002.42,588.81,1022.25,653.98,1042.09,659.65,1026.5,given
91.56,917.42,87.31,931.59,210.56,938.67,210.56,917.42,Exchange
7.98,823.92,7.98,859.34,50.48,859.34,50.48,823.92,淘
61.81,823.92,61.81,859.34,210.56,859.34,210.56,823.92,如如选购站
282.81,832.42,282.81,857.92,465.56,857.92,465.56,832.42,113407638
92.98,771.5,92.98,799.84,146.81,799.84,146.81,771.5,NE
105.73,737.5,105.73,764.42,122.73,764.42,122.73,737.5,T
298.4,891.92,304.06,913.17,267.23,920.25,264.4,907.5,###
160.98,676.59,217.65,814.0,241.73,816.84,179.4,669.5,MICROCAP
90.15,587.34,128.4,672.34,185.06,652.5,136.9,570.34,SKINNY
169.48,542.0,255.9,744.59,282.81,738.92,199.23,537.75,innistree
561.9,930.17,560.48,957.09,696.48,991.09,707.81,971.25,85.00
574.65,872.09,574.65,891.92,717.73,935.84,723.4,908.92,85.00
587.4,838.09,580.31,863.59,734.73,900.42,736.15,880.59,85.00
323.9,771.5,328.15,795.59,398.98,814.0,394.73,785.67,MT:
431.56,733.25,431.56,754.5,438.65,754.5,438.65,733.25,1
516.56,751.67,512.31,775.75,594.48,794.17,593.06,767.25,85.00
666.73,795.59,670.98,818.25,748.9,839.5,753.15,815.42,85.00
299.81,668.09,295.56,696.42,432.98,721.92,430.15,697.84,Microcaca
451.4,700.67,455.65,729.0,512.31,738.92,512.31,716.25,3.5G
241.73,588.75,245.98,611.42,289.9,627.0,285.65,604.34,tem
415.98,631.25,417.4,652.5,465.56,662.42,465.56,631.25,QTY
543.48,659.59,544.9,683.67,622.81,697.84,615.73,673.75,Price
731.9,704.92,723.4,730.42,772.98,736.09,784.31,717.67,AMT
217.65,510.84,219.06,532.09,298.4,553.34,298.4,525.0,08-24
313.98,530.67,306.9,556.17,566.15,612.84,566.15,590.17,GHKB0002-02-0301
587.4,601.5,578.9,619.92,656.81,636.92,665.31,619.92,Miley
678.06,619.92,679.48,644.0,765.9,669.5,763.06,639.75,Chong
376.31,503.75,377.73,537.75,437.23,549.09,440.06,525.0,Tel:
452.81,526.42,448.56,547.67,581.73,581.67,581.73,554.75,21160957
186.48,425.84,186.48,455.59,236.06,461.25,233.23,432.92,Sai
250.23,442.84,257.31,469.75,332.4,488.17,333.81,462.67,Yeung
355.06,464.09,347.98,491.0,413.15,502.34,403.23,475.42,Choi
434.4,485.34,427.31,510.84,532.15,530.67,526.48,505.17,Street
546.31,506.59,544.9,534.92,628.48,553.34,622.81,530.67,South
659.65,537.75,658.23,561.84,721.98,588.75,723.4,556.17,Mong
744.65,554.75,736.15,587.34,795.65,597.25,792.81,568.92,KoK
271.48,397.5,264.4,434.34,333.81,447.09,333.81,424.42,Shop
355.06,420.17,349.4,454.17,410.31,468.34,404.65,432.92,Go7,
430.15,438.59,430.15,475.42,512.31,488.17,512.31,469.75,Ginza
530.73,466.92,525.06,495.25,614.31,510.84,608.65,489.59,Plaza
645.48,495.25,642.65,517.92,724.81,539.17,721.98,513.67,No.2A
155.31,332.34,162.4,369.17,438.65,432.92,437.23,406.0,Innisfree:Natural
452.81,411.67,454.23,440.0,573.23,464.09,568.98,435.75,benefit
587.4,442.84,588.81,471.17,659.65,488.17,651.15,459.84,from
673.81,466.92,675.23,492.42,744.65,509.42,731.9,476.84,Jeju
757.4,478.25,763.06,513.67,848.06,532.09,843.81,502.34,Ialant
363.56,347.92,370.65,376.25,495.31,406.0,493.9,383.34,Mong
536.4,384.75,529.31,414.5,618.56,435.75,624.23,410.25,kok
673.81,418.75,661.06,448.5,723.4,455.59,727.65,432.92,#1
417.4,284.17,406.06,336.59,636.98,391.84,646.9,346.5,Receipt
126.98,163.75,126.98,204.84,160.98,204.84,160.98,163.75,&C
197.81,1094.5,197.81,1118.59,291.31,1118.59,291.31,1091.67,201308
465.56,1118.59,462.73,1135.59,503.81,1144.09,503.81,1125.67,301
