16.02,746.63,16.02,793.29,506.68,793.29,506.68,746.63,配套全套配件三角片扳手
24.02,598.63,24.02,681.29,341.35,681.29,341.35,598.63,承重靠谱
621.35,642.63,621.35,662.63,669.35,657.29,670.68,639.96,FRONT
470.68,634.63,476.02,647.96,513.35,642.63,513.35,626.63,FRONT
1.35,301.29,9.35,395.96,92.02,398.63,89.35,289.29,19
96.02,282.63,96.02,373.29,358.68,311.96,362.68,218.63,省市包邮
26.68,283.96,25.35,229.29,282.68,175.96,281.35,222.63,产地快速发货
8.02,205.29,6.68,154.63,310.68,77.29,316.02,130.63,4皇冠6年老店
13.35,19.96,13.35,67.96,160.02,67.96,160.02,19.96,常熟货架
158.68,6.63,158.68,23.96,173.35,23.96,173.35,6.63,###
448.02,278.63,452.02,289.29,529.35,298.63,528.02,291.96,###
476.02,447.96,476.02,461.29,522.68,461.29,525.35,441.29,BFC
529.35,442.63,529.35,457.29,556.02,457.29,556.02,435.96,###
572.02,493.29,570.68,481.29,597.35,475.96,597.35,481.29,###
488.02,539.96,484.02,518.63,509.35,510.63,509.35,515.96,###
566.68,509.29,568.02,495.96,602.68,487.96,602.68,491.96,###
438.68,443.96,438.68,522.63,449.35,522.63,449.35,443.96,###
101.63,404.09,101.63,482.09,245.63,482.09,245.63,404.09,品质
99.63,485.09,99.63,555.09,244.63,555.09,244.63,485.09,保证
41.63,689.09,41.63,700.09,294.63,700.09,294.63,689.09,###
