38.79,16.33,38.79,30.33,72.04,30.33,72.04,16.33,2017
10.21,32.67,10.21,54.83,108.21,54.83,108.21,32.67,双11来了
2.63,63.58,2.63,84.58,112.88,84.58,112.88,63.58,18/21速后拨
20.13,109.08,20.13,126.0,33.54,126.0,33.54,109.08,¥
41.71,89.25,41.71,127.75,102.38,127.75,102.38,89.25,19.9
508.38,38.5,506.63,91.58,614.54,91.0,614.54,38.5,特价
510.13,142.33,510.13,92.75,617.46,92.75,617.46,142.33,包邮
464.04,195.42,451.79,223.42,552.13,303.92,561.46,271.83,LEMA
395.79,319.08,383.54,347.67,480.38,424.08,489.71,394.33,LEMA
241.21,405.42,241.21,425.25,391.71,425.25,391.71,405.42,真功夫单车折扣店
383.54,436.33,383.54,426.42,260.46,426.42,260.46,436.33,WRLCOMETOMYSHOP
284.96,438.67,284.96,451.5,375.96,451.5,375.96,438.67,入行六年，只卖正品
392.88,578.08,391.13,616.0,619.79,592.08,615.71,555.33,技师指导安装
364.88,655.08,364.88,689.5,657.13,689.5,657.13,655.08,变速顺畅金秋特惠
9.04,647.5,9.04,691.83,332.79,691.83,332.79,647.5,山地自行车后拨
