14.67,303.17,13.25,289.32,127.56,248.5,131.47,263.41,2956604682
3.67,258.08,-0.24,242.11,181.52,182.47,182.94,193.83,找书：en55@qq.com
168.74,249.92,166.61,232.88,206.73,221.16,208.15,236.78,找书：
10.77,205.19,4.02,189.92,114.07,155.49,115.49,165.43,55@qq.com
0.47,195.6,0.47,205.54,5.44,205.54,3.67,195.96,###
156.67,151.23,151.7,138.81,207.08,118.57,212.41,133.13,QQ:2
182.23,138.81,182.23,138.45,182.59,138.45,182.59,138.81,###
209.21,116.44,209.21,125.67,212.41,125.67,212.41,116.44,###
-0.24,156.2,-0.24,139.16,131.47,95.14,133.24,110.76,：2956604682
168.39,97.27,165.19,82.0,203.53,70.29,211.34,83.42,找书：
-0.24,104.72,0.83,89.46,63.66,67.45,64.73,84.49,604682
101.65,70.29,100.58,52.54,210.63,15.26,212.05,36.56,找书：en55@
0.83,56.09,0.47,40.47,114.78,3.55,118.33,12.78,n55@qq.com
13.96,58.93,13.96,119.28,201.05,119.28,201.05,58.93,LAW
6.15,133.13,6.15,217.26,207.79,217.26,207.79,133.13,101
7.57,8.99,7.57,21.42,23.19,21.42,23.19,8.99,An
27.4,9.88,27.4,19.75,65.35,19.75,65.35,9.88,ESSEN
67.29,10.26,67.29,19.36,112.02,19.36,112.02,10.26,###
112.79,11.04,112.79,20.72,167.79,20.72,167.79,11.04,PERENCE
8.23,27.69,8.23,37.37,54.51,37.37,54.51,27.69,###
60.7,27.69,60.7,36.4,145.32,36.4,145.32,27.69,EverydayLegal
149.58,27.3,149.58,36.98,208.45,36.98,208.45,27.3,###
69.03,236.82,68.45,243.21,148.98,243.06,149.69,237.85,whereourlaws
153.24,237.38,153.24,242.82,205.07,242.82,205.07,237.38,###
15.5,236.43,15.5,241.87,63.55,241.87,63.55,236.43,###
18.58,250.87,18.58,255.84,51.95,255.84,51.95,250.87,###
71.36,251.1,71.36,255.84,132.41,255.84,132.41,251.1,###
141.88,249.68,141.88,256.31,189.22,256.31,189.22,249.68,###
55.02,250.87,55.02,257.02,68.52,256.31,68.75,250.87,the
191.58,250.16,191.58,255.6,205.31,255.6,205.31,249.68,the
7.93,263.88,7.93,271.22,53.84,271.22,53.84,263.88,difference
56.21,263.88,56.21,270.98,121.77,270.98,121.77,263.88,###
123.42,265.78,123.42,270.75,176.44,270.98,176.2,265.78,andfeaernl
179.04,264.83,179.04,270.51,201.28,270.51,201.28,264.83,###
12.9,277.61,12.9,284.47,100.47,284.47,100.47,277.61,###
104.25,279.03,104.25,285.42,120.58,285.42,120.58,279.03,and
124.37,279.27,124.37,285.66,205.78,285.66,205.78,279.27,###
10.77,292.05,10.77,298.67,61.18,298.67,61.18,292.05,###
67.57,292.99,67.57,299.15,205.31,299.15,205.31,292.99,###
8.64,305.77,8.64,313.11,206.02,313.11,206.02,305.77,###
16.45,329.68,16.45,337.72,48.63,337.72,48.63,329.68,###
67.33,329.68,67.33,337.25,193.95,337.25,193.95,329.68,ROCHE,AttorneyatLaw
189.45,275.72,21.18,338.2,41.06,348.61,194.9,290.86,QQ:2956604682
175.72,337.25,141.17,349.56,174.54,349.56,181.17,344.82,###
82.46,339.57,82.46,343.22,130.85,343.22,130.85,339.57,###
14.61,341.4,14.61,345.66,67.55,345.66,67.55,341.4,###
