572.0,496.8,580.8,526.4,372.0,576.8,366.4,541.6,13600000000
367.2,549.6,371.2,577.6,308.0,603.2,295.2,575.2,家人
563.2,469.6,567.2,495.2,364.8,543.2,356.0,508.0,13800000000
346.4,520.8,356.8,548.8,296.8,575.2,286.4,547.2,联系
65.6,472.8,64.8,518.4,244.8,518.4,243.2,472.8,十色可选
486.4,332.0,475.2,351.2,633.6,460.0,652.8,437.6,13800000000
513.6,314.4,495.2,334.4,651.2,440.8,661.6,419.2,请帮我联系家人
9.6,350.4,9.6,428.0,473.6,428.0,473.6,350.4,免费激光刻字
17.6,289.6,17.6,340.8,219.2,340.8,219.2,289.6,刻双面字
23.2,259.2,23.2,272.8,148.8,272.8,148.8,259.2,COMFORTABLEANDHAPPY
24.8,248.8,23.2,258.4,212.8,260.0,212.8,247.2,HEALTHANDSAFETY,GENUINESECURITY,
22.4,233.6,22.4,244.8,184.0,246.4,184.0,233.6,WISDOMWATERROCFHANDRING
25.6,136.8,25.6,205.6,309.6,205.6,309.6,136.8,防水便捷
24.0,58.4,24.0,119.2,567.2,119.2,567.2,58.4,新款老人防走失手环
766.4,181.6,799.2,144.0,648.0,0.8,612.0,32.0,当天发货
