631.97,33.04,631.97,102.06,742.4,102.06,742.4,33.04,2件
615.73,106.12,615.73,175.96,757.83,175.96,757.83,106.12,包邮
249.51,254.57,269.81,336.59,475.25,277.31,476.87,191.24,OBEY
491.26,254.22,496.36,270.0,482.52,276.08,474.4,260.46,®
351.01,567.05,368.88,664.49,596.24,594.65,598.67,491.53,OBEY
596.24,575.98,605.17,593.03,624.66,585.72,617.35,568.67,®
667.69,771.15,669.32,806.07,807.36,806.07,808.17,771.15,廠家直销
6.73,797.95,6.73,809.32,100.92,809.32,100.92,797.95,happyshopping！
5.91,784.15,5.91,797.14,201.61,797.14,201.61,784.15,Welcometomyshop,Iwishyoua
14.85,765.47,14.85,782.52,70.87,782.52,70.87,765.47,100%
88.74,766.28,88.74,783.33,227.59,783.33,227.59,766.28,实物拍摄盗图必究
54.63,747.61,54.63,762.22,182.93,762.22,182.93,747.61,实物拍摄盗图必究
53.82,714.31,53.82,746.79,186.18,746.79,186.18,714.31,黑白印象
11.6,7.5,11.6,37.55,70.06,37.55,70.06,7.5,黑白
11.6,47.29,11.6,78.15,71.69,78.15,71.69,47.29,印象
