79.06,668.75,68.44,728.13,347.19,730.0,355.31,668.13,抗菌刷毛
397.19,666.25,397.19,728.75,674.69,728.75,674.69,666.25,保护牙龈
205.94,608.75,205.94,648.13,402.81,648.13,402.81,608.75,PERECT
419.06,608.13,419.06,652.5,560.94,652.5,560.94,608.13,倍加洁
345.31,498.75,347.19,518.75,520.31,535.0,521.56,512.5,SurelyYoureJoking,Mr.Feynmanl
316.56,486.88,316.56,529.38,323.44,529.38,323.44,486.88,###
645.38,515.25,645.31,532.5,735.94,532.5,735.94,515.63,PROPERTYOFU.S.N
380.31,440.0,380.31,477.5,390.31,477.5,390.31,440.0,couch
367.19,433.13,367.19,480.63,379.69,480.63,379.69,433.13,###
342.19,431.25,342.81,480.63,354.69,481.88,354.69,431.25,###
325.94,451.25,327.81,464.38,335.94,463.75,334.06,450.0,of
313.44,430.0,313.44,478.75,324.06,478.75,324.06,430.0,###
297.81,446.88,297.81,467.5,309.06,467.5,307.19,445.63,on
488.44,365.0,489.06,425.63,495.31,428.13,496.56,365.0,###
529.69,379.38,529.69,414.38,544.69,414.38,544.69,379.38,832
548.44,382.5,548.44,417.5,562.81,417.5,562.81,382.5,sch
590.31,370.63,590.94,376.88,605.31,385.0,609.06,377.5,###
579.69,373.13,579.69,380.63,584.69,380.63,584.69,373.13,###
571.56,378.13,571.56,385.0,578.44,385.0,578.44,378.13,###
567.81,388.13,572.19,408.13,577.81,409.38,572.19,388.13,###
574.06,411.88,582.81,416.88,589.69,418.13,587.81,409.38,###
592.81,412.5,592.81,419.38,597.81,419.38,597.81,412.5,###
599.69,408.75,599.69,416.88,602.19,416.88,602.19,408.75,###
604.69,402.5,604.69,410.63,609.06,410.63,609.06,402.5,###
605.94,388.75,605.94,401.88,610.94,401.88,610.94,388.75,###
632.19,360.63,625.94,398.13,635.31,398.13,640.94,358.13,###
624.69,405.0,625.94,418.75,634.69,420.63,634.69,405.0,###
367.81,370.63,366.56,411.88,377.19,412.5,377.81,371.25,WORKS
349.69,365.0,348.44,422.5,359.69,422.5,365.31,359.38,SCHILERS
476.56,366.25,476.56,426.25,485.31,426.25,485.31,366.25,###
464.69,366.88,464.69,424.38,472.81,424.38,472.81,366.88,###
453.44,368.13,453.44,418.75,460.31,418.75,460.31,368.13,###
682.81,383.13,682.81,411.25,728.44,400.63,729.69,378.13,###
682.19,312.5,682.19,345.0,690.94,345.0,690.94,312.5,###
692.19,306.25,692.19,353.13,700.94,353.13,700.94,306.25,###
430.31,303.13,430.31,341.88,437.81,342.5,437.81,303.13,###
417.81,310.0,417.81,332.5,425.94,332.5,425.94,310.0,###
381.56,306.25,379.06,336.25,390.31,336.25,390.31,307.5,###
367.81,300.63,367.81,345.0,377.81,345.63,376.56,301.88,ENCLISH
354.06,299.38,352.81,345.63,362.81,345.63,362.81,298.75,###
553.44,274.38,553.44,295.63,636.56,295.63,636.56,274.38,抗菌刷毛
569.06,253.75,566.56,266.25,624.06,265.63,627.81,253.75,PERECT
415.94,170.0,410.94,178.75,434.06,188.13,437.19,180.63,###
429.69,121.88,427.81,128.13,442.81,138.75,445.31,133.75,###
430.94,118.13,449.69,137.5,455.31,130.0,440.31,110.63,20年
344.69,197.5,304.69,243.13,294.69,233.13,335.31,188.13,抗菌刷毛
358.44,219.38,324.69,263.13,315.94,260.0,352.81,213.13,###
352.19,209.38,319.06,248.13,310.31,243.13,344.69,203.75,###
173.44,461.25,306.56,313.75,314.06,318.75,181.56,467.5,特别添加抗菌成分制成的柔软刷毛
97.19,460.0,141.56,502.5,150.94,492.5,108.44,451.88,抑制细菌
190.31,365.0,172.81,386.88,166.56,381.88,182.19,362.5,###
