23.47,743.66,16.47,784.66,151.47,792.66,162.47,760.66,Wings
15.47,720.66,7.47,743.66,72.47,745.66,74.47,729.66,Blue
162.47,723.66,162.47,736.66,176.47,736.66,176.47,723.66,®
563.47,710.66,563.47,768.66,797.47,768.66,797.47,710.66,凹凸键位
630.47,607.66,630.47,671.66,757.47,671.66,757.47,607.66,Hot
22.47,256.84,22.47,313.84,250.47,313.84,250.47,256.84,专机专用
60.47,46.02,60.47,197.02,216.47,197.02,216.47,46.02,爆
259.47,116.02,259.47,216.02,778.47,216.02,778.47,116.02,不能用退款
263.47,14.02,263.47,95.02,537.47,95.02,537.47,14.02,买2送1
61.97,686.35,61.97,698.35,86.77,698.35,86.77,686.35,Ctrl
141.97,664.75,141.97,673.55,157.97,673.55,157.97,664.75,Fn
264.37,619.15,264.37,630.35,281.97,630.35,281.97,619.15,Alt
173.97,598.35,173.97,612.75,189.17,612.75,189.17,598.35,z
233.97,579.15,233.97,589.55,249.97,589.55,249.97,579.15,x
284.37,541.55,284.37,556.75,298.77,556.75,298.77,541.55,c
324.37,491.95,324.37,507.15,336.37,507.15,336.37,491.95,v
379.57,456.75,379.57,469.55,393.97,469.55,393.97,456.75,b
321.97,436.75,321.97,449.55,341.97,449.55,341.97,436.75,g
281.97,484.75,281.97,501.55,293.97,501.55,293.97,484.75,f
237.97,527.95,237.97,543.95,253.97,543.95,253.97,527.95,D
184.37,553.55,184.37,567.15,195.57,567.15,195.57,553.55,S
123.57,573.55,123.57,586.35,141.97,586.35,141.97,573.55,A
66.77,645.55,66.77,655.95,91.57,647.15,91.57,638.35,Shift
27.57,618.35,29.17,627.15,69.97,618.35,69.17,607.15,Capslock
5.17,574.35,-0.43,586.35,25.17,586.35,25.17,575.15,Tab
83.57,543.15,83.57,556.75,102.77,556.75,102.77,543.15,Q
143.57,524.75,143.57,536.75,163.57,536.75,163.57,524.75,W
203.57,503.95,203.57,518.35,215.57,518.35,215.57,503.95,E
247.57,464.75,247.57,480.75,261.17,480.75,261.17,464.75,R
284.37,415.95,284.37,430.35,295.57,430.35,295.57,415.95,T
337.17,388.75,337.17,402.35,349.97,402.35,349.97,388.75,Y
41.97,531.15,41.97,539.95,52.37,539.95,52.37,531.15,1
105.17,508.75,105.17,523.15,115.57,523.15,115.57,508.75,2
161.17,493.55,161.17,506.35,172.37,506.35,172.37,493.55,3
213.97,467.15,213.97,480.75,225.17,480.75,225.17,467.15,4
250.77,419.15,250.77,432.75,258.77,432.75,258.77,419.15,5
292.37,374.35,292.37,386.35,303.57,386.35,303.57,374.35,6
281.97,364.75,281.97,371.95,293.17,371.95,293.17,364.75,^
239.57,406.35,239.57,420.75,251.57,420.75,251.57,406.35,%
205.17,456.75,205.17,466.35,213.97,466.35,213.97,456.75,$
152.37,483.15,152.37,490.35,162.77,490.35,162.77,483.15,#
93.17,499.95,93.17,508.75,108.37,508.75,108.37,499.95,@
33.17,516.75,33.17,525.55,41.97,525.55,41.97,516.75,!
24.37,491.15,24.37,501.55,39.57,501.55,39.57,491.15,F1
83.57,476.75,80.37,483.15,99.57,483.15,99.57,473.55,F2
142.77,457.55,142.77,465.55,157.97,465.55,157.97,457.55,F3
193.17,428.75,193.17,443.15,201.17,443.15,201.17,428.75,###
228.37,378.35,228.37,391.15,237.97,391.15,237.97,378.35,###
271.57,340.75,271.57,351.15,285.97,351.15,285.97,340.75,###
502.77,442.42,502.77,453.62,513.17,453.62,513.17,442.42,+
489.97,428.02,489.97,437.62,503.57,437.62,503.57,428.02,=
437.17,411.22,437.17,422.42,446.77,422.42,446.77,411.22,{
449.97,418.42,449.97,432.82,457.17,432.82,457.17,418.42,[
507.57,404.82,507.57,416.02,513.17,416.02,513.17,404.82,###
493.97,393.62,493.97,401.62,501.97,401.62,501.97,393.62,###
460.37,378.42,460.37,385.62,469.17,385.62,469.17,378.42,###
446.77,364.02,446.77,375.22,456.37,375.22,456.37,364.02,###
451.57,336.02,451.57,344.02,458.77,344.02,458.77,336.02,###
431.57,333.62,431.57,340.02,438.77,340.02,438.77,333.62,###
382.77,361.62,369.97,383.22,376.37,385.62,391.57,366.42,###
409.97,314.42,409.97,323.22,428.37,323.22,428.37,314.42,###
477.97,328.82,477.97,336.82,485.97,336.82,485.97,328.82,###
487.57,340.02,487.57,349.62,496.37,349.62,496.37,340.02,###
461.17,306.42,461.17,315.22,475.57,315.22,475.57,306.42,###
485.17,295.22,485.17,308.02,497.17,308.02,497.17,295.22,###
525.97,339.22,525.97,352.02,543.57,352.02,543.57,339.22,R
567.57,365.62,567.57,374.42,577.97,374.42,577.97,365.62,F
570.77,407.22,570.77,422.42,584.37,422.42,584.37,407.22,C
523.57,400.02,523.57,412.02,537.17,412.02,537.17,400.02,###
682.77,449.62,682.77,467.22,701.97,467.22,701.97,449.62,Ctrl
673.17,415.22,673.17,425.62,684.37,425.62,684.37,415.22,+
653.97,370.42,653.97,380.02,661.97,380.02,661.97,370.42,,
643.57,357.62,643.57,367.22,653.17,367.22,653.17,357.62,"
725.97,400.82,725.97,407.22,744.37,407.22,744.37,400.82,###
768.37,441.62,768.37,448.02,778.77,448.02,778.77,441.62,###
755.57,427.22,755.57,435.22,765.97,435.22,765.97,427.22,###
645.97,419.22,645.97,428.02,649.97,428.02,649.97,419.22,###
654.77,428.02,654.77,440.82,661.97,440.82,661.97,428.02,###
611.57,349.62,611.57,360.02,623.57,360.02,623.57,349.62,[
602.77,340.02,602.77,346.42,613.97,346.42,613.97,340.02,{
671.57,332.02,671.57,337.62,676.37,337.62,676.37,332.02,###
657.97,320.02,657.97,326.42,666.77,326.42,666.77,320.02,###
616.37,302.42,616.37,312.02,627.57,312.02,627.57,302.42,=
601.97,292.02,601.97,299.22,617.17,299.22,617.17,292.02,+
551.57,292.02,549.97,308.02,562.77,308.02,562.77,292.02,###
597.97,263.22,597.97,271.22,613.97,271.22,613.97,263.22,###
578.77,282.42,578.77,294.42,572.37,294.42,572.37,282.42,###
567.57,325.62,567.57,336.82,573.97,336.82,573.97,325.62,###
573.97,340.02,573.97,347.22,581.17,347.22,581.17,340.02,###
712.37,364.82,712.37,372.82,720.37,372.82,720.37,364.82,###
505.17,476.82,505.17,484.82,521.97,479.22,518.77,474.42,###
560.37,472.82,560.37,481.62,577.17,481.62,577.17,472.82,###
