179.51,771.79,179.51,790.45,388.84,790.45,388.84,771.79,Doonethingatime,
398.18,775.79,398.18,790.45,778.18,790.45,778.18,775.79,anddowell.keepondoingneverdiveup.
172.84,715.79,168.84,769.12,334.18,767.79,334.18,715.79,防干烧
351.51,715.79,351.51,769.12,578.18,769.12,578.18,715.79,水干电断
602.18,715.79,599.51,762.45,798.18,762.45,795.51,717.12,3L大容量
168.84,582.45,168.84,643.79,227.51,643.79,227.51,582.45,领
0.84,482.45,0.84,541.12,232.84,541.12,232.84,482.45,内附赠品
28.84,345.12,28.84,445.12,106.18,441.12,106.18,345.12,3
120.84,381.12,120.84,437.12,182.18,437.12,182.18,381.12,元
4.84,282.45,4.84,334.45,214.18,334.45,214.18,282.45,好评返现
-0.49,127.79,-0.49,210.45,78.18,209.12,78.18,127.79,双
80.84,123.79,80.84,174.45,122.18,174.45,122.18,123.79,档
124.84,129.12,124.84,163.79,279.51,163.79,279.51,129.12,大小调节
2.18,31.79,2.18,49.12,286.18,49.12,286.18,31.79,ULTIFUNCTIONANDLARGECAPACITY
0.84,-1.55,0.84,21.12,284.84,21.12,284.84,-1.55,###
515.51,662.45,515.51,674.45,542.18,674.45,542.18,662.45,###
638.18,1.12,682.18,43.79,708.84,45.12,708.84,-1.55,机
624.84,5.12,608.84,41.12,664.84,82.45,684.84,55.79,下单
726.18,22.45,668.84,94.45,772.84,178.45,798.18,87.79,38
0.84,62.45,2.18,110.45,284.84,110.45,275.51,63.79,多功能大容量
23.33,562.67,23.33,758.67,136.67,758.67,136.67,562.67,？
