1024.91,1082.43,1024.91,1168.43,1066.91,1168.43,1066.91,1082.43,正品
865.91,1077.43,865.91,1190.43,1006.91,1190.43,963.91,1065.43,跃
841.91,909.43,821.91,1028.43,966.91,1032.43,959.91,893.43,滕
966.91,988.43,966.91,1028.43,1197.91,1028.43,1197.91,988.43,工控产品专家
902.91,1037.43,902.91,1057.43,1193.91,1057.43,1193.91,1037.43,https://shop61499781.taobao.com
969.91,937.43,969.91,973.43,1122.91,973.43,1122.91,937.43,三菱电机
495.91,1083.43,495.91,1173.43,827.91,1173.43,827.91,1083.43,可开增票
487.91,971.43,504.91,1060.43,828.91,1059.43,828.91,971.43,代理货源
11.91,990.43,13.91,1148.43,485.91,1149.43,485.91,989.43,日本原装
211.91,835.43,211.91,852.43,329.91,852.43,329.91,835.43,MUAEINCHINA
209.91,813.43,209.91,838.43,805.91,838.43,805.91,813.43,MITSUBISHIELECTRICAUTOMATIONMANUFACTURING()CHANGSHUCO,LTD.
232.91,746.43,232.91,761.43,342.91,761.43,342.91,746.43,MUAEINCHINA
359.91,737.43,359.91,760.43,417.91,760.43,417.91,737.43,合格证
229.91,725.43,229.91,741.43,356.91,741.43,356.91,725.43,原产地：中华人民共和国
231.91,707.43,231.91,725.43,492.91,725.43,492.91,707.43,工厂地址：江苏省常熟高新技术产业开发区东圃大道3号
229.91,687.43,229.91,707.43,472.91,707.43,472.91,687.43,生产工厂：三菱电机自动化机器制造（常熟）有限公司
229.91,671.43,229.91,686.43,297.91,686.43,297.91,671.43,###
227.91,651.43,227.91,666.43,316.91,666.43,316.91,651.43,G/C:09H082
228.91,633.43,228.91,647.43,324.91,647.43,324.91,633.43,S/N:1642015
339.91,636.43,339.91,649.43,407.91,649.43,407.91,636.43,15581529
227.91,615.43,227.91,631.43,383.91,631.43,383.91,615.43,M/C:09H08216051001
518.91,689.43,518.91,713.43,582.91,713.43,582.91,689.43,
648.91,646.43,648.91,665.43,674.91,665.1,674.91,646.43,01
559.91,590.43,559.91,619.43,667.91,619.43,667.91,590.43,09H082
586.91,548.43,586.91,571.43,677.91,571.43,677.91,548.43,1642015
228.91,539.43,228.91,573.43,404.91,572.43,405.91,545.43,FX3SA-30MT-CM
205.91,497.43,205.91,522.43,491.91,522.43,491.91,497.43,PROGRAMMABLECONTROLLER
282.91,459.43,279.91,482.43,399.91,482.43,402.91,462.43,ELECTRIC
281.91,437.43,281.91,461.43,419.91,461.43,419.91,437.43,MTSUVISH
781.91,414.99,781.91,432.99,801.91,430.1,801.91,414.99,低
774.91,374.99,774.91,390.1,806.91,391.99,806.91,374.99,CB
806.91,342.99,806.91,358.99,827.91,358.99,827.91,342.99,###
843.91,155.88,843.91,261.88,1183.91,261.88,1183.91,155.88,全部现货
842.91,23.88,842.91,140.88,1184.91,140.88,1184.91,23.88,充足库存
489.91,43.88,489.91,165.88,839.91,165.88,839.91,43.88,FX系列
18.91,104.88,18.91,176.88,235.91,176.88,235.91,104.88,原装正品
254.91,104.88,254.91,175.88,469.91,175.88,469.91,104.88,假一赔十
537.91,198.99,521.91,260.99,551.91,268.99,565.91,202.99,###
578.91,212.99,571.91,261.99,652.91,264.99,661.91,215.99,###
521.91,644.32,521.91,682.32,585.91,682.32,585.91,644.32,###
