54.08,46.11,54.08,74.35,169.75,74.35,169.75,45.21,持久驱蚊
289.46,101.7,282.73,164.47,498.38,161.78,508.69,102.6,买3送1
256.28,182.4,253.14,218.27,302.01,203.02,302.46,181.95,包邮
303.36,177.92,303.36,204.37,349.54,193.16,349.98,176.12,抢购
383.16,226.78,383.16,241.13,459.38,241.13,459.38,226.78,赠品数量有限
51.39,140.7,51.39,170.74,165.72,170.74,165.72,140.7,多款可选
53.19,233.73,53.19,263.77,168.86,263.77,168.86,233.73,时尚大方
340.12,494.33,340.12,520.33,464.31,520.33,464.31,494.33,立即抢购
56.33,488.5,55.88,525.71,90.4,524.81,90.4,488.5,亲
92.64,491.64,92.64,504.19,133.89,504.19,133.89,491.64,再不出手
92.19,506.43,92.19,523.47,222.66,523.47,222.66,506.43,被抢光了........
369.71,502.85,364.78,528.85,531.56,529.3,531.56,502.85,21世纪商贸8
107.88,243.6,107.88,244.05,108.33,244.05,108.33,243.6,###
