4.17,22.78,5.28,60.0,138.61,61.11,138.06,22.78,SHAPE
5.83,67.78,5.83,103.89,121.94,103.33,121.94,66.67,LSSUE
6.39,110.56,6.39,130.56,90.83,131.67,90.83,110.56,Fashion
98.61,115.56,99.17,131.67,129.72,131.67,129.17,116.11,for
5.83,135.0,6.94,152.78,65.83,153.33,65.83,134.44,Every
33.61,146.11,33.61,145.56,34.72,145.56,34.72,146.11,###
74.17,138.33,73.06,153.89,141.39,153.89,141.39,137.78,Figure
4.17,166.11,5.83,186.11,68.06,187.22,68.61,167.22,From
5.28,195.56,5.28,215.0,59.72,215.0,58.61,195.0,Size
67.5,188.89,67.5,216.11,106.94,216.11,106.94,188.89,Oto
5.83,223.89,5.83,242.78,59.17,243.89,59.17,222.78,Size
68.61,218.89,66.39,243.33,98.61,243.33,98.61,219.44,20
5.83,285.56,14.17,312.22,104.72,313.89,104.72,283.33,WORK
114.72,286.67,116.39,313.89,147.5,313.33,145.83,285.0,IT!
9.17,316.11,7.5,331.67,113.06,332.78,110.28,317.22,Longerlegs,
6.94,331.67,9.17,347.78,116.39,350.56,114.17,336.67,###
7.5,351.11,6.94,363.33,145.83,365.0,145.83,349.44,SexierSilhouette
66.94,356.67,66.94,357.22,68.06,357.78,67.5,356.67,###
5.28,247.22,8.06,291.11,108.61,291.11,107.5,247.78,恋恋
123.61,255.56,115.83,288.89,163.61,288.33,163.06,254.44,de
172.5,245.56,172.5,293.89,276.39,293.89,276.39,245.56,衣橱
4.72,313.33,-0.28,350.0,275.83,351.67,275.83,312.78,http://8-1-8.
288.06,328.33,285.28,352.78,498.06,352.78,498.06,331.11,taobao.com
19.17,398.89,19.17,411.11,87.5,411.11,87.5,398.89,BODYTYPE
20.83,386.11,19.72,398.89,146.39,398.89,145.83,385.56,SWIMSUITFORYOUR
20.28,371.11,20.28,384.44,84.17,384.44,83.06,371.67,THERIGHT
2.5,371.67,4.17,388.89,18.06,389.44,18.61,370.0,✞
4.72,427.22,5.28,446.11,69.72,446.67,68.61,425.56,From
4.17,450.0,6.39,474.44,106.94,475.56,106.94,448.89,SizeOto
5.28,478.33,5.83,503.89,96.94,503.89,98.06,478.89,Size20
3.61,544.44,15.83,573.33,146.94,574.44,146.39,544.44,WORKIT!
6.94,576.11,6.39,587.78,109.17,588.89,108.61,577.78,###
22.5,640.45,21.59,645.45,46.94,646.11,46.94,639.44,557079
9.77,612.27,10.23,629.09,15.68,627.73,14.77,613.18,###
55.68,597.27,55.68,604.09,71.59,604.09,71.59,597.27,04›
12.95,592.27,11.59,596.82,68.41,596.82,67.95,592.73,###
479.32,70.91,486.59,60.45,446.14,15.45,434.32,24.55,NIP/TUCK
412.95,0.45,398.86,3.64,494.77,109.09,498.86,95.0,DesigningaperfecfBody
390.23,646.82,391.14,660.45,497.5,660.91,497.5,646.82,HERDIETDEMONS
342.95,632.27,341.59,645.45,497.5,645.0,495.23,632.27,ONEWOMANCONQUERS
225.68,65.45,229.77,72.27,256.59,68.64,254.77,62.27,###
