44.75,52.5,44.75,81.0,122.25,81.0,122.25,52.5,400
131.25,50.5,131.25,60.0,236.25,60.0,236.25,50.5,手机/固话均可拨打
129.25,61.0,129.25,81.0,232.75,81.0,232.75,61.0,-188-4123
171.25,245.0,171.25,284.0,406.25,284.0,406.25,245.0,顺丰精工轴承
157.75,292.5,157.75,313.0,424.75,313.0,424.75,292.5,SHUNF,ENG'JINGGONG
30.75,461.0,30.75,532.0,294.25,525.0,291.25,461.0,官方授权
347.25,525.5,347.25,590.0,583.25,590.0,583.25,525.5,原装进口
116.75,557.0,116.75,567.0,170.75,567.0,170.75,557.0,Bearing
42.75,571.5,42.75,592.5,123.75,592.5,123.75,571.5,官方正品
132.25,572.5,132.25,592.0,212.75,592.0,212.75,572.5,品质保证
130.25,38.0,130.25,48.0,236.25,48.0,236.25,38.0,24小时客户服务热线
