39.17,620.0,42.5,716.0,952.5,726.67,952.5,620.0,365天包换全新！
737.5,475.0,737.5,550.0,900.83,550.0,900.83,475.0,强货
730.83,413.33,730.83,455.0,902.5,455.0,902.5,413.33,新品推荐
39.17,206.67,39.17,268.33,152.5,268.33,152.5,206.67,皇冠
34.17,270.0,34.17,328.33,149.17,328.33,149.17,270.0,信誉
182.5,18.33,182.5,108.33,727.5,108.33,727.5,18.33,真正上海发货
282.5,422.0,282.5,411.0,325.5,397.0,326.5,408.0,###
279.5,377.0,277.5,370.0,313.5,357.0,317.5,365.0,###
275.5,368.0,272.5,363.0,302.5,353.0,306.5,356.0,###
384.5,351.0,393.5,388.0,440.5,372.0,430.5,334.0,88
485.5,309.0,491.5,347.0,514.5,341.0,505.5,305.0,8
542.5,287.0,550.5,325.0,569.5,313.0,562.5,284.0,8
773.5,391.0,773.5,406.0,865.5,405.0,865.5,391.0,NewAmvel
