99.67,98.67,100.67,134.67,308.67,132.67,307.67,97.67,升级版26MM
283.67,227.33,283.67,253.33,435.67,253.33,435.67,229.33,改装onmey
168.67,254.67,170.67,264.67,185.67,264.67,185.67,254.67,P
195.67,253.67,195.67,262.67,211.67,262.67,211.67,253.67,W
222.67,252.67,222.67,261.67,236.67,261.67,236.67,252.67,R
209.67,253.67,209.67,260.67,222.67,262.67,224.67,252.67,###
169.67,236.67,171.67,255.67,232.67,255.67,232.67,233.67,M
75.67,400.67,75.67,422.67,162.67,421.67,163.67,402.67,Refit,
169.67,400.67,169.67,421.67,276.67,422.67,276.67,400.67,Mokey
133.67,557.33,132.67,577.33,291.67,577.33,292.67,553.33,23MM双嘴印花
316.67,382.33,315.67,414.33,407.67,414.33,407.67,381.33,26MM
377.67,453.33,377.67,472.33,484.67,472.33,483.67,454.33,Refit,
489.67,456.33,489.67,472.33,583.67,472.33,583.67,455.33,Mok
235.67,503.33,237.67,514.33,289.67,503.33,289.67,491.33,Mokey
222.67,492.33,220.67,505.33,251.67,499.33,252.67,488.33,Refit
556.67,533.33,555.67,545.33,590.0,541.75,590.67,529.33,Refit
575.0,541.0,575.0,553.0,590.75,553.75,591.5,538.75,M
