53.74,503.82,53.74,513.52,122.61,513.52,122.61,503.82,###
53.74,528.07,53.74,536.8,211.85,536.8,211.85,528.07,###
53.74,521.28,53.74,528.07,184.69,528.07,184.69,521.28,###
52.77,512.55,52.77,520.31,214.76,520.31,214.76,512.55,###
169.17,459.2,169.17,479.57,213.79,479.57,213.79,459.2,50ml
75.08,461.14,75.08,477.63,106.12,477.63,106.12,461.14,###
240.0,513.01,240.0,518.3,266.98,518.3,266.98,513.01,###
263.8,524.65,263.8,532.05,279.68,532.05,279.68,524.65,###
227.83,524.12,227.83,526.23,244.76,526.23,244.76,524.12,###
227.3,526.76,227.3,528.88,259.57,528.88,259.57,526.76,###
227.83,529.41,227.83,532.58,261.16,532.58,261.16,529.41,###
237.35,502.42,237.35,508.77,269.62,508.77,269.62,502.42,###
232.06,496.08,232.06,502.42,275.97,502.42,275.97,496.08,###
232.06,490.78,232.06,495.02,261.16,495.02,261.16,490.78,###
232.06,486.55,232.06,490.26,256.4,490.26,256.4,486.55,###
232.06,482.32,232.06,484.96,259.04,484.96,259.04,482.32,###
232.06,478.09,232.06,481.26,254.28,481.26,254.28,478.09,###
232.06,473.85,232.06,475.97,252.16,475.97,252.16,473.85,###
261.69,474.91,261.69,479.14,274.92,479.14,274.92,474.91,###
104.55,364.86,104.55,387.08,223.59,387.08,223.59,364.86,###
86.02,316.25,84.96,343.76,250.56,344.82,251.09,316.25,LINIMENT
63.79,283.44,63.79,315.72,271.73,315.72,271.73,283.44,SALONPAS
279.66,316.25,279.66,307.25,268.55,307.25,268.55,316.25,###
66.44,247.35,65.91,263.71,178.08,263.71,180.91,245.41,BONGGAN
65.47,223.1,65.91,240.43,151.62,240.43,151.81,221.16,BAMTIM
63.53,197.88,61.59,216.31,177.03,217.28,176.06,197.88,DAUKHOP
63.79,173.09,63.79,192.14,146.33,192.14,147.92,173.63,DAUCO
63.26,149.81,63.26,168.33,146.33,168.33,146.33,149.81,DAUVAI
50.04,127.59,50.04,141.87,233.63,141.87,233.63,127.59,caccondaulienquanden
50.04,107.48,50.04,127.06,286.54,127.06,286.54,107.48,dunggiamdau,khangvientrong
55.33,84.2,55.33,101.13,85.49,101.13,85.49,84.2,###
202.42,82.61,202.42,101.66,286.01,101.66,286.01,82.61,GIamdau
96.07,84.73,96.07,101.13,196.07,101.13,195.01,84.73,SALONPAS
200.3,103.78,200.3,95.31,195.54,95.31,195.54,103.78,###
446.98,94.71,446.98,153.44,569.73,153.44,569.73,94.71,包邮
396.18,348.14,396.18,360.84,464.97,360.84,464.97,348.14,###
395.65,360.84,395.65,373.54,464.44,373.54,464.44,360.84,###
394.07,374.07,394.07,383.59,492.48,383.59,492.48,374.07,###
391.95,384.65,391.95,398.41,469.2,398.41,469.2,384.65,###
391.95,400.52,391.95,413.22,495.65,413.22,495.65,400.52,###
408.88,417.98,408.88,440.2,519.99,431.21,515.76,411.63,SALONPAS
419.99,440.73,419.99,458.72,509.94,453.43,512.05,433.85,LINIMENT
433.75,470.89,433.75,485.18,500.94,483.59,499.89,470.89,###
378.19,491.0,379.25,500.52,424.23,506.87,425.81,498.4,###
377.67,501.58,378.72,508.46,444.86,515.33,444.86,507.93,###
445.92,507.93,445.92,516.39,505.18,512.16,503.59,504.75,###
379.25,515.33,377.14,522.74,440.63,532.27,439.04,522.74,###
441.69,524.33,441.69,532.27,474.49,532.27,474.49,524.33,###
475.55,523.27,475.55,530.15,504.12,525.92,504.65,519.04,###
381.37,509.51,381.37,516.92,438.51,521.68,440.1,515.86,###
440.63,516.39,440.63,523.27,482.43,523.27,482.43,516.39,###
113.0,223.1,113.0,226.01,106.22,226.01,106.22,223.1,###
