6.01,11.38,6.01,52.18,125.41,52.18,125.41,11.38,vatti
135.01,23.98,135.01,51.58,204.01,51.58,204.01,23.98,華帝
202.21,15.58,203.41,24.31,211.21,25.18,211.21,15.58,®
410.41,13.18,410.41,55.18,598.81,55.18,598.81,13.18,###
430.81,64.45,430.21,72.58,439.21,72.58,438.61,63.85,开
448.81,64.18,448.81,71.98,457.21,72.25,457.21,64.18,业
468.01,63.58,468.01,71.98,475.21,72.25,475.21,63.58,大
485.41,63.58,485.41,72.58,495.01,72.58,495.01,63.58,促
505.21,69.25,505.21,72.58,509.41,72.58,509.41,68.38,,
522.01,63.58,522.01,71.98,529.81,72.25,529.21,63.58,折
539.41,63.58,539.41,72.58,547.81,72.85,547.21,63.58,后
557.41,64.18,558.01,72.85,565.81,72.58,565.81,64.18,再
576.01,63.85,575.41,73.18,585.01,73.18,585.01,63.58,减
282.01,295.67,282.01,305.27,309.01,305.27,309.01,295.67,vatti
37.21,376.02,37.21,384.42,58.21,384.09,58.21,376.02,vatti
37.81,459.36,37.81,485.16,155.41,485.16,155.41,459.36,下单即送
255.61,456.96,255.61,483.96,377.41,483.96,377.41,456.96,前3名加赠
438.01,459.36,438.01,485.16,579.61,485.16,579.61,459.36,最低价吗？
438.61,502.56,438.61,534.96,573.61,534.96,573.61,502.56,咨询客服
436.81,549.96,436.81,583.56,574.21,583.56,574.21,549.96,才最低价
61.21,501.36,61.21,589.56,155.41,589.56,155.41,501.36,险
283.81,551.76,283.81,560.76,309.01,560.76,309.01,551.76,vatti
