881.4,427.2,881.4,405.6,1025.4,405.6,1025.4,427.2,NOUVELLEFORMULE
895.8,448.8,895.8,430.8,1007.4,430.8,1007.4,448.8,NEWFORMULA
739.8,637.2,738.6,604.8,780.6,608.4,780.6,637.2,N
801.0,638.4,801.0,604.8,835.8,604.8,835.8,638.4,U
853.8,639.6,857.4,607.2,899.4,603.6,899.4,639.6,X
912.6,637.2,913.8,604.8,940.2,603.6,940.2,637.2,E
655.8,838.8,655.8,798.0,999.0,798.0,999.0,838.8,RevedeMiel
1006.2,798.0,1008.6,774.0,1027.8,780.0,1023.0,798.0,Ⓡ
666.6,1006.8,670.2,984.0,708.6,996.0,708.6,1017.6,GEL
709.8,1017.6,715.8,991.2,897.0,998.4,895.8,1027.2,NETTOYANT
906.6,1021.2,906.6,994.8,937.8,994.8,937.8,1021.2,ET
665.4,1040.4,666.6,1010.4,741.0,1020.0,735.0,1045.2,DEMA
736.2,1048.8,736.2,1028.4,895.8,1028.4,889.8,1057.2,QUILLANT
901.8,1050.0,901.8,1026.0,1009.8,1014.0,1003.8,1041.6,VISAGE
665.4,1062.0,665.4,1044.0,743.4,1057.2,749.4,1084.8,APAISE,
753.0,1080.0,753.0,1059.6,879.0,1059.6,879.0,1080.0,ADOUCIT
666.6,1090.8,666.6,1069.2,694.2,1069.2,695.4,1096.8,AU
699.0,1102.8,699.0,1075.2,755.4,1075.2,753.0,1107.6,MIEL
755.4,1105.2,755.4,1084.8,790.2,1084.8,790.2,1105.2,ET
802.2,1114.8,796.2,1083.6,965.4,1083.6,965.4,1105.2,TOURNESOL
665.4,1167.6,673.8,1141.2,723.0,1154.4,726.6,1180.8,FACE
726.6,1184.4,726.6,1155.6,907.8,1155.6,903.0,1184.4,CLEANSING
913.8,1183.2,913.8,1153.2,979.8,1153.2,979.8,1183.2,AND
666.6,1197.6,667.8,1165.2,795.0,1190.4,785.4,1214.4,MAKE-UP
793.8,1215.6,793.8,1179.6,960.6,1179.6,960.6,1215.6,REMOVING
971.4,1202.4,971.4,1170.0,1008.6,1170.0,1008.6,1202.4,GEL
666.6,1197.6,665.4,1220.4,773.4,1243.2,777.0,1219.2,SOOTHES,
787.8,1243.2,784.2,1220.4,905.4,1220.4,906.6,1242.0,SOFTENS
671.4,1245.6,671.4,1218.0,726.6,1240.8,715.8,1263.6,WITH
723.0,1260.0,723.0,1239.6,807.0,1239.6,809.4,1268.4,HONEY
814.2,1272.0,814.2,1246.8,883.8,1246.8,883.8,1272.0,AND
888.6,1268.4,891.0,1239.6,1019.4,1224.0,1020.6,1258.8,SUNFLOWER
924.6,1450.8,924.6,1404.0,1181.4,1404.0,1181.4,1450.8,###
670.2,1416.0,670.2,1381.2,739.8,1408.8,741.0,1435.2,PEAUX
748.2,1437.6,750.6,1407.6,897.0,1416.0,895.8,1444.8,SECHESET
665.4,1412.4,669.0,1436.4,703.8,1450.8,717.0,1431.6,DRY
717.0,1449.6,717.0,1428.0,777.0,1443.6,773.4,1462.8,AND
857.4,1465.2,857.4,1446.0,922.2,1446.0,922.2,1465.2,###
780.6,1462.8,787.8,1438.8,857.4,1446.0,850.2,1472.4,SENS
670.2,1483.2,676.2,1455.6,706.2,1458.0,697.8,1489.2,e
696.6,1492.8,695.4,1467.6,809.4,1483.2,811.8,1516.8,200ml
814.2,1515.6,814.2,1479.6,918.6,1479.6,918.6,1515.6,6.7FL
211.91,1575.82,211.91,1783.64,621.0,1783.64,621.0,1575.82,雪壐
670.09,1585.64,670.09,1728.0,1349.18,1728.0,1349.18,1585.64,香港代購
666.82,1742.73,666.82,1786.91,1679.73,1786.91,1679.73,1742.73,SHOP70137204.taobao.com
