196.52,46.32,195.63,64.4,372.08,63.96,372.08,46.76,中原智能家控生活馆
44.77,138.95,44.77,164.53,67.27,165.86,67.27,139.83,11
51.39,89.55,52.71,128.36,65.06,127.04,64.18,88.66,mm
54.48,107.19,54.48,106.75,54.92,106.75,54.92,107.19,###
110.06,140.71,110.5,154.83,132.55,155.71,132.55,142.04,9
116.23,94.84,115.79,131.89,130.79,131.89,130.79,94.4,mm
200.49,202.47,201.37,223.64,228.28,224.97,227.83,202.03,15
239.3,211.29,238.86,224.97,278.56,225.85,278.56,211.29,mm
323.11,133.66,326.2,145.13,341.64,147.33,341.2,132.33,9
345.17,98.81,335.47,126.16,346.93,128.8,356.2,101.9,mm
192.99,98.37,195.19,113.81,221.66,112.92,221.22,100.57,QQ:
236.22,98.37,236.66,112.92,331.94,112.92,329.73,97.93,324000521
