6.26,69.4,6.26,118.33,206.51,118.33,207.64,71.68,奔翔汽配
51.77,130.84,51.77,155.88,161.0,155.88,161.0,130.84,部件批发
62.01,292.41,62.01,336.78,156.44,336.78,156.44,292.41,包邮
50.63,345.88,50.63,375.47,168.96,375.47,168.96,345.88,疯狂抢购
407.89,565.48,407.89,599.61,558.08,599.61,558.08,565.48,5号6390
645.69,579.13,645.69,607.57,732.16,607.57,732.16,579.13,6388
729.88,287.86,729.88,320.85,916.48,320.85,916.48,287.86,6371＼6373
2.84,736.14,1.71,754.35,487.54,754.35,486.4,735.0,正品配件
536.46,733.87,536.46,753.21,653.65,753.21,653.65,733.87,盗
669.58,732.73,668.44,752.07,1022.29,750.93,1020.02,731.59,###
508.02,418.7,502.33,435.77,576.28,459.66,577.42,440.32,QQ：
612.69,449.42,608.14,465.35,764.02,510.86,773.12,499.48,752853109
402.2,354.99,397.65,375.47,486.4,401.64,490.95,384.57,电话：
519.4,393.67,512.57,406.19,676.41,456.25,685.51,442.6,15803191460
295.25,307.2,295.25,336.78,385.14,336.78,385.14,307.2,6400
386.28,43.24,386.28,80.78,525.08,80.78,525.08,43.24,6376E
726.47,56.89,724.2,89.88,924.44,89.88,925.58,58.03,6376E3＼NF
