521.0,628.0,524.33,652.67,379.67,731.33,367.67,711.33,15356882737
453.67,498.0,477.67,531.33,305.67,622.67,290.33,576.0,盗图必究
139.33,325.33,139.33,362.67,279.33,362.67,279.33,325.33,立即购买
71.33,133.33,71.33,242.67,538.0,242.67,538.0,133.33,原装正品
86.0,94.67,86.0,130.67,358.0,130.67,358.0,94.67,金贵品质至尊润滑
74.0,250.67,74.0,261.33,538.0,261.33,538.0,250.67,Isthereanyonewhobasn'tsufferedforthesecretlove?Wealwaysthinkthatloveisveryheavy.heavy
79.33,262.67,79.33,273.33,522.0,273.33,517.67,266.67,andcouldbethebeaviestthingintheworld,Butoneday,whenyoulookback,yousuddenlyrealize
209.67,278.0,212.33,286.0,380.33,286.67,379.0,278.0,thatit'salways1growupwiththetime.
577.0,501.33,576.33,510.67,629.67,512.0,629.67,500.67,KLURER
652.33,516.67,652.33,520.0,759.67,520.0,759.67,516.67,###
652.33,523.33,652.33,528.0,729.67,528.0,729.67,523.33,###
731.0,524.67,731.0,533.33,760.33,533.33,760.33,524.67,###
652.33,530.0,652.33,533.33,743.67,533.33,743.67,530.0,###
502.33,524.0,502.33,533.33,544.33,533.33,544.33,524.0,POLYLU
503.67,538.0,505.67,547.33,549.0,548.0,546.33,538.0,HVT50A
603.0,630.67,603.0,640.0,629.0,640.0,629.0,630.67,20L
626.33,652.0,626.33,682.67,630.33,682.67,630.33,652.0,###
657.0,666.67,657.0,675.33,671.0,675.33,671.0,666.67,DVD
539.67,653.33,539.67,657.33,588.33,657.33,588.33,653.33,###
537.0,661.33,537.0,664.0,609.0,664.0,609.0,661.33,###
539.0,666.0,539.0,668.67,622.33,668.67,622.33,666.0,###
541.0,670.67,541.0,674.67,623.0,674.67,623.0,670.67,###
469.67,634.67,469.67,639.33,503.67,639.33,503.67,634.67,###
521.67,633.33,521.67,638.67,560.33,638.67,560.33,633.33,###
573.67,509.33,573.67,516.67,627.67,516.67,627.67,509.33,###
474.33,677.33,474.33,683.33,552.33,683.33,552.33,677.33,###
317.67,618.0,317.67,623.33,338.33,623.33,338.33,618.0,GB.00
203.67,628.67,205.0,636.67,267.0,642.67,266.33,634.0,MCROLUBE*GB
257.67,603.33,257.67,610.0,295.67,608.67,295.67,603.33,KLURER
76.33,674.67,76.33,683.33,137.67,686.0,137.0,674.0,###
145.0,658.67,145.0,665.33,163.0,665.33,163.0,658.67,###
77.0,663.33,77.0,666.0,107.0,666.0,107.0,663.33,###
67.67,688.67,67.67,694.0,115.67,698.0,115.0,694.67,###
71.0,695.33,69.0,698.67,89.67,703.33,89.0,698.67,###
90.33,699.33,91.67,704.0,141.67,704.0,141.67,698.0,###
151.67,708.0,151.67,715.33,161.0,715.33,161.0,708.0,###
79.0,714.0,79.0,718.67,103.67,718.67,103.67,714.0,###
80.33,720.67,81.0,724.0,111.0,726.0,112.33,722.67,###
67.67,708.67,69.0,714.0,75.67,716.0,76.33,711.33,###
214.33,756.0,215.0,760.0,251.67,766.67,251.67,763.33,###
225.67,750.0,225.67,756.0,257.67,757.33,257.67,752.67,###
325.67,742.0,327.67,738.0,355.67,732.67,355.67,736.0,###
330.33,732.0,328.33,734.0,356.33,733.33,356.33,729.33,###
305.0,733.33,305.0,735.33,329.0,735.33,329.0,733.33,###
303.0,742.0,303.0,748.67,323.0,748.67,323.0,742.0,###
319.0,727.33,319.0,729.33,349.0,729.33,349.0,727.33,###
194.33,648.0,195.67,652.67,231.67,662.67,230.33,658.67,###
196.33,658.0,196.33,661.33,237.67,668.67,237.67,663.33,###
205.67,607.33,206.33,612.67,234.33,614.0,233.67,610.0,###
215.0,710.67,215.67,717.33,256.33,720.67,255.67,717.33,###
281.0,749.33,253.67,682.0,563.67,520.0,601.0,576.67,荣顺润滑油
