338.81,76.88,338.81,95.25,387.56,95.25,387.56,76.88,10:24
31.31,268.13,31.31,288.0,183.94,288.0,183.94,268.13,Classileather
32.44,295.5,32.44,304.13,52.31,304.13,52.31,295.5,card
56.06,295.13,56.06,304.88,73.31,304.88,73.31,295.13,slot
75.56,295.13,75.56,304.13,103.31,304.13,103.31,295.13,inside
106.31,295.88,106.31,304.13,116.44,304.13,116.44,295.88,of
117.56,295.5,117.56,303.75,133.31,303.75,133.31,295.5,the
136.31,297.0,136.31,304.13,192.56,304.13,192.19,295.13,case,which
195.56,297.38,195.56,303.75,212.44,303.75,212.44,297.38,can
215.44,295.5,215.44,303.38,235.31,303.38,235.31,295.5,hold
239.06,297.38,239.06,303.75,265.31,303.75,265.31,297.38,name
269.06,295.88,269.06,304.13,323.06,304.13,323.06,295.88,card,credit
325.31,295.88,325.31,304.88,366.56,304.88,366.56,295.88,card,etc.
39.94,334.88,39.94,360.75,400.69,360.75,400.69,334.88,最时尚的商务风格真皮三星S4保护皮套，
413.44,335.25,413.44,360.75,627.19,360.75,627.19,335.25,少有的带自动休眠功能，
639.56,334.5,639.56,360.0,723.19,360.0,723.19,334.5,节省电力
