28.64,19.09,28.64,66.0,184.64,66.0,184.64,19.09,满200元
212.45,20.73,212.45,63.82,295.36,63.82,295.36,20.73,包邮
178.09,115.64,178.09,128.73,354.82,128.73,354.82,115.64,###
366.82,135.82,366.82,142.36,447.0,144.0,445.36,138.55,###
215.73,238.36,215.73,253.64,274.09,253.64,274.09,238.36,sidroga
215.18,260.73,215.18,285.27,255.55,285.27,255.55,260.73,Bio
266.45,264.0,266.45,287.45,351.0,287.45,351.0,264.0,Kinder
346.38,237.69,345.55,247.64,352.09,247.64,352.09,237.82,Z
215.18,292.91,215.18,316.36,347.73,316.36,348.82,297.27,Hustentee
475.36,238.36,475.36,249.27,509.18,249.27,509.18,238.36,sidroga
474.82,254.73,474.82,268.91,494.54,268.15,495.0,254.73,Bio
499.91,254.73,499.91,268.91,544.64,268.91,544.64,254.73,Kinder
474.27,274.91,474.27,286.91,539.73,286.91,539.73,274.91,Hustentee
221.73,449.45,226.64,478.36,348.82,462.0,345.55,430.36,宝塔妈妈
190.09,492.55,193.36,511.64,262.09,500.18,258.82,481.09,实物拍摄
279.55,484.36,280.09,496.91,436.64,476.18,432.82,459.27,5550801.taobao.com
502.09,409.09,502.09,425.45,513.55,425.45,513.55,409.09,S
515.73,415.64,515.73,424.36,561.0,424.36,561.0,415.64,IDROGA
55.15,399.69,53.77,408.92,239.77,413.08,239.77,405.23,20FitterbeutelmitAromaschutz|Arzneitee
215.31,324.0,214.38,332.31,352.38,335.54,351.92,326.77,ArzneiteebeiSymptomenderBre
382.85,402.0,382.38,409.85,433.15,410.77,429.46,403.38,###
382.38,411.69,382.38,419.54,433.15,419.54,433.15,411.69,###
380.54,420.46,381.46,428.31,441.46,429.69,441.46,421.85,mitAromaschutt
382.85,362.31,380.08,371.08,543.46,373.38,544.38,365.08,Anis0.6g.Linoenbloten0.6g.Thymian0.3g
382.38,353.54,381.46,360.46,503.77,363.23,503.31,354.46,ArznellichwirksameBestandteile:
383.31,342.92,382.85,349.85,459.46,352.62,457.62,344.31,IFillerbeutelenthalt:
383.31,329.54,384.69,338.77,540.23,340.62,538.85,330.92,Wirkstoffe:Anis,LindenblutenundThymian
382.85,316.15,382.38,324.46,462.69,325.38,461.77,318.0,Kinderad12Monaten
419.31,307.38,420.23,315.23,541.15,317.08,542.08,308.31,beiSymptomenderBronchitisfur
537.92,235.38,537.92,242.31,558.69,242.31,558.69,235.38,###
533.31,227.08,533.31,233.54,562.85,233.54,562.85,227.08,###
