35.67,21.33,35.67,69.33,770.33,69.33,770.33,21.33,七天包退换永久提供技术支持
40.33,146.67,40.33,179.33,132.33,179.33,132.33,146.67,1000
149.67,141.33,149.67,184.0,283.0,184.0,283.0,141.33,万像素
38.33,241.33,38.33,284.0,218.33,284.0,218.33,241.33,带硬底座
93.0,343.33,93.67,386.0,227.67,386.0,227.67,344.0,高清晰
134.33,696.67,134.33,738.0,233.0,738.0,233.0,696.67,添音
135.0,746.67,135.0,788.0,233.67,788.0,233.67,746.67,数码
253.67,732.67,253.67,788.0,504.33,788.0,504.33,732.67,增值发票
527.67,734.0,527.67,787.33,778.33,787.33,778.33,734.0,全国联保
33.0,348.67,33.0,382.0,79.67,382.0,79.67,348.67,A4
