2.66,95.64,2.66,17.27,386.55,17.27,386.55,95.64,赠送运费险
407.8,91.66,409.13,18.6,791.69,19.93,791.69,95.64,零风险购物
62.43,187.3,89.0,132.83,329.43,191.28,313.49,247.07,台式机专用
326.77,249.73,342.71,196.59,438.35,220.5,433.04,276.29,升级
18.6,193.94,1.33,245.74,498.13,373.26,504.77,316.14,30天包退三年包换
58.45,583.14,58.45,519.38,195.27,519.38,195.27,583.14,包邮
62.43,786.37,62.43,701.36,734.57,701.36,734.57,786.37,超强兼容闪电提速
17.27,296.22,11.96,344.04,166.04,378.57,174.01,336.07,DDR3
200.58,340.05,185.97,386.55,316.14,418.43,326.77,371.93,1600
334.74,417.1,349.35,370.61,448.98,390.53,434.37,447.65,4G
87.67,608.38,87.67,589.78,162.06,589.78,162.06,608.38,POST
377.44,623.94,413.87,578.39,430.38,577.83,385.22,641.59,ADATA
