155.51,218.45,155.51,258.45,487.82,257.27,492.84,218.45,2019年中国民航大学
211.51,309.12,211.51,337.12,434.18,337.12,434.18,309.12,833算法与数据结构
627.51,42.45,627.51,94.45,775.51,94.45,775.51,42.45,已升级
204.84,401.12,209.6,444.83,461.15,441.27,460.84,401.12,考研精品资料
228.27,459.94,224.84,485.12,438.93,480.39,439.51,455.79,[重点难点+高频考点]
432.71,511.5,438.18,485.12,228.27,488.39,226.18,515.79,[直击考点+考研必备]
464.71,636.83,474.18,657.12,194.49,660.83,191.82,640.39,关注商家微信号获取更多复试资讯
235.51,742.45,235.51,785.12,20.84,785.12,20.84,742.45,2019最新版
282.18,741.12,282.18,782.45,506.18,782.45,506.18,741.12,内容详细完整
548.84,741.12,548.84,785.12,778.18,785.12,778.18,741.12,考研必备宝典
598.04,263.5,599.51,301.12,565.15,295.5,558.18,254.45,考
663.82,259.05,664.71,292.83,624.84,301.12,624.84,255.79,研
724.27,259.94,726.18,301.12,686.04,295.5,684.84,257.12,资
786.49,257.27,791.51,297.12,748.27,291.05,744.84,254.45,料
601.6,331.94,604.84,503.79,559.51,503.79,564.27,324.83,直击考点
662.93,334.61,662.18,507.79,620.84,507.79,620.84,323.79,浓缩精华
722.49,329.27,724.84,503.79,680.84,503.79,680.84,325.12,重点提炼
784.71,327.5,783.82,499.05,746.18,507.79,746.18,322.45,考研必备
