27.5,668.0,27.5,768.0,459.5,768.0,459.5,668.0,日本代购
472.5,503.0,472.5,533.0,642.5,533.0,642.5,503.0,GLAMOUR
454.5,481.0,454.5,501.0,598.5,501.0,598.5,481.0,REPORTSJES...
481.5,462.0,481.5,484.0,622.5,484.0,622.5,462.0,ENTREVISTAS,
467.5,414.0,467.5,442.0,683.5,442.0,683.5,414.0,吊带抹胸/个性裙摆
460.5,334.0,460.5,393.0,776.5,393.0,776.5,334.0,性感比基尼
462.5,280.0,462.5,325.0,706.5,325.0,706.5,280.0,2016/NEW
5.0,2.0,5.0,89.33,87.0,89.33,87.0,2.0,F
115.67,2.67,115.67,90.0,219.67,90.0,219.67,2.67,A
352.33,1.33,353.67,86.67,482.33,88.0,482.33,0.67,H
491.0,0.0,491.0,88.0,543.67,88.0,543.67,0.0,I
551.67,0.67,551.67,88.0,674.33,88.0,674.33,0.67,O
686.33,0.0,686.33,87.33,787.67,88.0,785.67,0.67,N
747.67,38.0,747.67,38.67,747.0,38.67,747.0,38.0,###
