459.51,394.45,459.51,401.12,388.84,401.12,388.84,394.45,###
634.18,387.79,634.18,398.45,588.84,398.45,588.84,387.79,###
572.22,363.31,565.67,372.76,466.18,375.79,466.04,364.03,XIANGJIANGYANMO
535.51,331.79,546.04,358.21,466.18,362.45,466.18,331.79,湘江
554.18,329.12,554.18,363.79,567.51,363.79,567.51,329.12,研磨
586.18,581.12,583.85,590.21,440.84,595.79,440.58,583.67,###
448.84,421.12,448.84,431.79,379.51,431.79,378.76,423.67,###
439.13,437.49,439.51,443.79,373.67,446.21,372.94,438.21,###
435.51,522.45,435.51,531.79,378.18,531.79,379.51,525.12,###
435.51,507.79,435.51,515.79,374.18,515.79,374.18,507.79,###
132.84,782.45,132.84,798.45,6.18,798.45,6.18,782.45,happyshopping!
262.18,770.45,262.18,782.45,6.18,782.45,6.18,770.45,welcometomyshop,Iwishyoua
22.18,741.12,22.18,767.79,91.51,767.79,91.51,741.12,100%
119.51,741.12,115.51,762.45,200.84,762.45,199.51,742.45,实物拍摄
219.51,742.45,219.51,763.79,299.51,763.79,299.51,738.45,盗图必究
-0.49,718.45,-0.49,737.12,318.18,737.12,320.84,722.45,http://shop64576071.taobao.com
24.84,671.79,24.84,711.79,291.51,711.79,291.51,671.79,华通磨料磨具
120.84,541.12,122.18,557.12,244.84,582.45,240.84,561.12,郑州华通磨料
80.84,237.12,80.84,251.79,92.84,251.79,92.84,237.12,###
104.84,234.45,104.84,251.79,114.18,251.79,114.18,234.45,###
128.84,238.45,128.84,251.79,140.84,251.79,140.84,238.45,###
152.84,238.45,152.84,257.12,162.18,257.12,162.18,238.45,###
162.18,165.12,162.18,209.12,180.84,209.12,180.84,165.12,研磨
144.84,150.45,144.84,171.79,160.84,171.79,159.51,150.45,®
47.51,162.45,47.51,210.45,152.84,210.45,152.84,162.45,湘江
54.18,214.45,54.18,229.12,182.18,229.12,182.18,214.45,XIANGJIANGYANMO
331.49,204.28,329.31,215.91,392.84,217.12,392.84,202.45,（产品使用
331.49,186.82,331.51,203.79,418.18,202.45,420.84,190.45,使用前请详细
198.18,17.12,198.18,115.79,798.18,115.79,798.18,17.12,中国十大品牌
119.51,47.79,48.84,111.79,14.18,78.45,80.84,10.45,包邮
166.18,58.45,48.84,174.45,31.51,150.45,140.84,42.45,一盒50片装
543.13,325.49,543.13,337.12,554.76,337.12,554.76,325.49,Ⓡ
124.22,564.76,124.22,572.76,260.94,598.94,259.49,590.94,###
394.04,558.94,394.04,567.67,471.13,565.49,477.67,556.03,###
439.85,597.49,439.13,602.58,583.85,596.76,586.76,592.4,###
605.67,441.85,605.67,449.12,641.31,449.12,641.31,441.85,###
