29.35,78.99,29.35,38.99,212.02,38.99,212.02,78.99,澳新国际
32.02,118.99,32.02,90.99,213.35,90.99,213.35,118.99,aoxinmall
624.02,29.66,624.02,4.32,669.35,4.32,669.35,29.66,进口
622.68,56.32,622.68,29.66,670.68,29.66,670.68,56.32,保税
714.68,28.32,714.68,2.99,762.68,6.99,764.02,28.32,海外
714.68,54.99,713.35,29.66,762.68,29.66,762.68,52.32,直邮
454.68,252.32,454.68,222.99,514.68,222.99,516.02,253.66,THE
373.35,348.32,373.35,220.32,654.68,220.32,654.68,348.32,GOAT
484.02,388.32,484.02,348.32,640.02,348.32,640.02,388.32,SKINCARE
512.02,506.99,512.02,478.99,588.02,478.99,588.02,506.99,SOAP
658.68,504.32,658.68,478.99,592.02,478.99,592.02,504.32,BAR
502.68,526.99,502.68,505.66,660.02,505.66,660.02,526.99,MADEWITHGOATSMILK
496.02,545.66,496.02,529.66,664.02,529.66,664.02,545.66,FORSOFT&HEALIHYSKIN
473.35,562.99,473.35,546.99,661.35,546.99,661.35,562.99,AGENTLFFORMULASONABLE
452.02,585.66,452.02,564.32,664.02,564.32,664.02,585.66,FORDRY,ITCHY&SENSHVESKIN
613.35,614.99,613.35,598.99,656.02,600.32,654.68,614.99,100g
548.02,632.32,548.02,616.32,658.68,616.32,658.68,632.32,###
484.02,719.59,484.02,695.59,577.35,695.59,577.35,719.59,Parity
762.68,715.59,762.68,695.59,581.35,695.59,581.35,715.59,purchasing
502.68,788.93,502.68,714.26,770.68,714.26,770.68,788.93,平价代购
212.02,763.59,212.02,700.93,476.02,700.93,476.02,763.59,澳洲正品
190.68,784.93,190.68,764.93,356.02,764.93,356.02,784.93,Austrailan
493.35,787.59,493.35,762.26,360.02,762.26,360.02,787.59,genuine
93.35,716.93,93.35,688.93,130.68,688.93,129.35,722.26,正
45.35,676.93,45.35,638.26,174.68,638.26,174.68,676.93,正品保障
