271.25,639.8,271.25,670.6,675.15,670.6,675.15,639.8,铁象实业（上海）有限公司
270.55,599.9,270.55,627.2,675.15,627.2,675.15,599.9,咨询订购电话：18621579096
40.95,639.8,40.95,667.1,117.25,667.1,117.25,639.8,MBL
30.45,525.7,30.45,555.8,180.95,555.8,180.95,525.7,窄边三角带
26.95,490.7,26.95,518.0,317.45,518.0,317.45,490.7,NARROWV-BELT
130.55,332.5,130.55,369.6,573.65,369.6,573.65,332.5,铁象实业（上海）有限公司
26.25,124.6,26.25,154.0,207.55,154.0,207.55,124.6,SPB/5V,SPC
25.55,88.9,25.55,119.7,208.25,119.7,208.25,88.9,SPZ/3V,SPA,
29.75,45.5,29.75,71.4,122.15,71.4,122.15,45.5,TYPE
550.55,88.2,550.55,111.3,668.85,111.3,668.85,88.2,星机带集团
528.15,92.4,528.15,108.5,544.95,108.5,544.95,92.4,###
455.35,88.2,455.35,111.3,524.65,111.3,524.65,88.2,日本三
391.65,46.2,391.65,80.5,670.95,80.5,670.95,46.2,MITSUBOSHI
670.95,41.3,670.95,53.2,681.45,53.2,681.45,41.3,®
