24.57,2.29,23.64,61.82,779.27,61.82,777.71,3.43,一套10个装只能绣一个名字
89.09,104.73,87.64,169.45,249.82,169.45,247.64,106.91,我爱姓名贴
115.27,180.36,115.27,191.27,246.91,191.27,246.91,180.36,WOAIXINGMINGTIE
297.82,347.64,297.82,384.0,401.82,384.0,401.82,347.64,陈显伦
299.27,420.36,299.27,459.64,398.91,459.64,398.91,420.36,###
462.18,348.36,462.18,384.73,564.73,384.73,564.73,348.36,陈显伦
624.36,344.73,624.36,384.0,730.55,384.0,730.55,344.73,陈显伦
461.45,419.64,461.45,458.18,566.18,458.18,566.18,419.64,###
623.64,418.91,623.64,459.64,728.36,459.64,728.36,418.91,###
78.91,655.27,78.91,697.45,197.45,697.45,197.45,655.27,陈显伦
264.36,654.55,264.36,698.18,382.91,698.18,382.91,654.55,陈显伦
451.27,658.91,451.27,698.18,563.27,698.18,563.27,658.91,陈显伦
623.64,660.36,623.64,699.64,732.73,699.64,732.73,660.36,陈显伦
77.45,736.73,77.45,778.18,195.27,778.18,195.27,736.73,###
263.64,736.73,263.64,781.82,384.36,781.82,384.36,736.73,###
455.64,733.82,455.64,778.18,565.45,778.18,565.45,733.82,###
629.45,735.27,629.45,778.18,737.82,778.18,737.82,735.27,###
