419.11,115.71,421.61,151.96,245.36,160.71,259.11,128.21,原厂配件
424.11,207.32,424.11,241.07,242.86,247.32,250.36,212.32,品质保证
524.25,242.01,522.86,257.32,509.11,258.57,510.5,240.13,合
554.11,211.07,545.36,252.32,532.86,246.07,542.86,208.57,50D08
514.11,409.82,560.36,227.32,582.86,231.07,540.36,413.57,302420400083
576.12,378.4,562.86,426.07,550.36,423.57,565.5,372.77,###
149.11,234.82,145.36,266.07,350.36,266.07,350.36,233.57,好邻居供销社
357.86,271.07,357.86,284.82,132.86,284.82,134.11,266.07,073182092659.taobao.com
374.11,233.57,374.11,281.07,598.0,281.38,595.5,235.13,盗图必究
299.11,602.68,299.11,626.43,201.61,626.43,201.61,602.68,盗图必究
99.11,601.43,99.11,618.93,197.86,618.93,197.86,601.43,好邻居供销社
392.86,563.93,389.11,586.43,481.61,586.43,479.11,565.18,45.96
610.36,597.68,609.11,623.93,390.36,623.93,390.36,596.43,洗衣机配件-牵引器
649.11,650.18,645.36,708.93,389.11,708.93,389.11,650.18,原装全新
492.86,563.93,492.86,586.43,684.11,586.43,684.11,563.93,302420400083
519.87,209.51,515.5,227.63,530.5,225.76,533.62,208.88,肥
573.62,347.77,565.5,370.27,577.37,375.9,583.62,350.27,###
584.25,280.9,573.62,349.02,585.5,349.02,598.0,280.9,接头，220V,50HZ
