39.38,1228.75,39.38,1251.25,165.63,1251.25,165.63,1228.75,蒙蒙日本代购
328.13,1228.75,328.13,1251.25,450.63,1251.25,450.63,1228.75,蒙蒙日本代购
613.13,1230.0,613.13,1248.75,718.13,1248.75,718.13,1230.0,蒙蒙日本代购
39.38,942.5,39.38,962.5,165.63,962.5,165.63,942.5,蒙蒙日本代购
329.38,943.75,329.38,965.0,450.63,965.0,450.63,943.75,蒙蒙日本代购
615.63,943.75,615.63,966.25,740.63,966.25,740.63,943.75,蒙蒙日本代购
614.38,657.5,614.38,677.5,738.13,677.5,738.13,657.5,蒙蒙日本代购
234.38,725.0,234.38,752.5,354.38,752.5,354.38,725.0,ATSUGI
39.38,653.75,39.38,676.25,165.63,676.25,165.63,653.75,蒙蒙日本代购
326.88,655.0,326.88,677.5,453.13,677.5,453.13,655.0,蒙蒙日本代购
150.63,508.75,150.63,583.75,344.38,583.75,344.38,508.75,TIGH
389.38,582.5,389.38,598.75,436.88,598.75,436.88,583.75,10030
389.38,566.25,389.38,586.25,510.63,586.25,510.63,566.25,4901020042062
400.63,508.75,400.63,522.5,445.63,522.5,445.63,508.75,###
455.63,506.25,455.63,523.75,513.13,525.0,510.63,506.25,¥1,800
364.38,480.0,364.38,500.0,400.63,500.0,400.63,480.0,税达
410.63,481.25,410.63,498.75,440.63,498.75,440.63,481.25,8%
444.38,467.5,444.38,502.5,524.38,502.5,524.38,467.5,¥1,944
469.38,445.0,469.38,458.75,489.38,458.75,489.38,445.0,TM
464.38,426.25,464.38,443.75,530.63,443.75,530.63,431.25,TL1818W
385.63,440.0,385.63,456.25,399.38,456.25,399.38,440.0,N
373.13,422.5,373.13,442.5,450.63,441.25,448.13,422.5,773-7737
375.63,405.0,375.63,426.25,456.88,426.25,456.88,405.0,###
326.88,367.5,326.88,391.25,449.38,391.25,449.38,367.5,蒙蒙日本代购
224.38,391.25,224.38,426.25,356.88,426.25,356.88,391.25,LISH
225.63,458.75,225.63,480.0,345.63,480.0,345.63,458.75,ORIGINA
43.13,367.5,43.13,390.0,163.13,390.0,163.13,367.5,蒙蒙日本代购
614.38,370.0,614.38,391.25,739.38,391.25,739.38,370.0,蒙蒙日本代购
436.88,167.5,436.88,203.75,528.13,203.75,528.13,167.5,M~L
433.13,268.75,433.13,308.75,489.38,308.75,489.38,268.75,180
408.13,313.75,408.13,332.5,470.63,332.5,470.63,313.75,###
478.13,313.75,478.13,336.25,553.13,336.25,553.13,313.75,###
488.13,365.0,488.13,376.25,518.13,376.25,518.13,365.0,###
221.88,301.25,221.88,378.75,361.88,378.75,361.88,301.25,RE
614.38,83.75,614.38,105.0,738.13,105.0,738.13,83.75,蒙蒙日本代购
328.13,82.5,328.13,106.25,450.63,106.25,450.63,82.5,蒙蒙日本代购
39.38,85.0,39.38,101.25,166.88,101.25,166.88,85.0,蒙蒙日本代购
38.13,102.5,38.13,132.5,185.63,145.0,185.63,102.5,###
60.63,136.25,60.63,172.5,178.13,172.5,178.13,136.25,###
29.38,180.0,26.88,196.25,201.88,207.5,196.88,191.25,MADEINJAPAN
569.38,808.75,573.13,838.75,620.63,868.75,621.88,837.5,GH
568.13,742.5,570.63,776.25,620.63,805.0,623.13,775.0,E
578.13,898.75,581.88,926.25,628.13,952.5,620.63,940.0,ATSU
431.88,247.5,431.88,263.75,511.88,263.75,508.13,248.75,###
439.38,230.0,439.38,240.0,508.13,240.0,508.13,230.0,###
439.38,215.0,439.38,227.5,470.63,227.5,470.63,215.0,###
484.38,217.5,484.38,227.5,505.63,227.5,505.63,217.5,###
511.88,216.25,511.88,231.25,525.63,231.25,525.63,216.25,###
29.38,63.75,31.88,103.75,204.38,110.0,204.38,72.5,###
