32.75,658.0,32.75,705.25,542.75,705.25,542.75,658.0,疯狂催销中，欢迎选购！
257.75,323.5,257.75,339.25,335.0,339.25,335.0,323.5,iSense
264.5,241.0,264.5,291.25,348.5,291.25,348.5,241.0,53.85
348.33,240.67,348.33,249.67,357.33,249.67,357.33,240.67,kg
31.33,143.67,31.33,170.17,409.83,170.17,409.83,143.67,ONOBYONE,排队上秤啦！
29.83,96.17,29.83,140.17,411.33,140.17,411.33,96.17,全家老小，亲朋好友
37.33,65.67,37.33,90.67,413.83,90.67,413.83,65.67,310*300mm大尺寸，专为全家人打造！
30.33,8.67,30.33,36.17,133.33,36.17,133.33,8.67,###
342.33,184.17,345.83,200.17,317.33,204.67,314.33,184.67,the
389.83,172.67,392.33,190.17,351.83,196.17,350.33,179.67,hote
465.33,157.67,465.83,177.67,401.33,188.67,399.83,171.67,fawity
511.83,153.67,514.33,170.17,472.33,174.67,473.33,162.17,use!
