34.18,670.45,34.18,675.79,47.51,675.79,47.51,670.45,###
47.51,622.45,47.51,631.79,74.18,631.79,74.18,622.45,###
26.18,581.12,26.18,587.79,64.84,587.79,64.84,581.12,###
24.84,525.12,24.84,531.79,44.84,531.79,44.84,525.12,###
24.84,481.12,24.84,487.79,32.84,487.79,32.84,481.12,`
20.84,461.12,20.84,467.79,35.51,467.79,35.51,461.12,~
24.84,427.79,24.84,437.12,40.84,437.12,40.84,427.79,###
148.84,665.12,148.84,681.12,167.51,681.12,167.51,665.12,###
194.18,667.79,194.18,681.12,211.51,681.12,211.51,667.79,###
499.51,667.79,499.51,677.12,515.51,677.12,515.51,667.79,###
547.51,667.79,547.51,678.45,564.84,678.45,564.84,667.79,###
598.18,665.12,598.18,678.45,620.84,678.45,620.84,665.12,###
664.84,622.45,664.84,630.45,687.51,630.45,687.51,622.45,###
759.51,614.45,759.51,623.79,784.84,623.79,784.84,614.45,###
762.18,565.12,762.18,577.12,787.51,577.12,787.51,565.12,###
764.84,511.79,764.84,523.79,787.51,523.79,787.51,511.79,###
762.18,527.79,762.18,529.12,787.51,529.12,787.51,527.79,###
760.84,463.79,760.84,470.45,787.51,470.45,787.51,463.79,###
766.18,477.12,766.18,481.12,787.51,481.12,787.51,477.12,###
762.18,427.79,762.18,438.45,792.84,438.45,792.84,427.79,###
140.84,607.79,140.84,625.12,155.51,625.12,155.51,607.79,Z
186.18,605.12,186.18,622.45,208.84,622.45,208.84,605.12,X
238.18,605.12,238.18,623.79,262.18,623.79,262.18,605.12,C
287.51,607.79,287.51,623.79,312.84,623.79,312.84,607.79,V
340.84,605.12,340.84,627.79,360.84,627.79,360.84,605.12,B
391.51,605.12,391.51,625.12,412.84,625.12,412.84,605.12,N
466.18,629.12,466.18,641.12,479.51,641.12,479.51,629.12,0
444.84,605.12,444.84,623.79,458.18,623.79,458.18,605.12,M
494.18,627.79,494.18,641.12,506.18,641.12,506.18,627.79,,
494.18,607.79,494.18,621.12,508.84,621.12,508.84,607.79,<
546.18,625.12,546.18,641.12,555.51,641.12,555.51,625.12,.
542.18,605.12,542.18,618.45,555.51,618.45,555.51,605.12,>
592.84,629.12,592.84,637.12,604.84,637.12,604.84,629.12,/
614.18,623.79,614.18,638.45,626.18,638.45,626.18,623.79,+
591.51,607.79,591.51,621.12,606.18,621.12,606.18,607.79,?
115.51,562.45,115.51,574.45,132.84,574.45,132.84,562.45,A
167.51,557.12,167.51,574.45,179.51,574.45,179.51,557.12,S
215.51,557.12,215.51,575.79,231.51,575.79,231.51,557.12,D
268.84,555.79,268.84,577.12,282.18,577.12,282.18,555.79,F
319.51,555.79,319.51,575.79,335.51,575.79,335.51,555.79,G
367.51,558.45,367.51,574.45,382.18,574.45,382.18,558.45,H
444.84,581.12,444.84,587.79,451.51,587.79,451.51,581.12,1
419.51,557.12,419.51,575.79,428.84,575.79,428.84,557.12,J
466.18,557.12,466.18,575.79,482.18,575.79,482.18,557.12,K
494.18,578.45,494.18,594.45,498.18,594.45,498.18,578.45,2
518.18,557.12,518.18,575.79,531.51,575.79,531.51,557.12,L
540.84,575.79,540.84,590.45,552.84,590.45,552.84,575.79,3
568.84,574.45,568.84,594.45,578.18,594.45,578.18,574.45,;
567.51,557.12,567.51,574.45,578.18,574.45,578.18,557.12,:
618.18,575.79,618.18,589.12,631.51,589.12,631.51,575.79,'
615.51,555.79,615.51,569.12,628.84,569.12,628.84,555.79,"
99.51,507.79,99.51,525.12,126.18,525.12,126.18,507.79,Q
152.84,507.79,152.84,522.45,174.18,522.45,174.18,507.79,W
200.84,507.79,200.84,525.12,218.18,525.12,218.18,507.79,E
254.18,509.12,254.18,527.79,272.84,527.79,272.84,509.12,R
306.18,505.12,306.18,522.45,318.18,522.45,318.18,505.12,T
355.51,505.12,355.51,521.12,367.51,521.12,367.51,505.12,Y
406.18,507.79,406.18,522.45,420.84,522.45,420.84,507.79,U
424.84,530.45,424.84,541.12,435.51,541.12,435.51,530.45,4
479.51,527.79,479.51,538.45,487.51,538.45,487.51,527.79,5
528.84,527.79,528.84,541.12,538.18,541.12,538.18,527.79,6
454.18,505.12,454.18,523.79,464.84,523.79,464.84,505.12,I
507.51,510.45,507.51,522.45,522.18,522.45,522.18,510.45,O
559.51,505.12,559.51,523.79,571.51,523.79,571.51,505.12,P
575.51,530.45,575.51,538.45,591.51,538.45,591.51,530.45,7
604.84,525.12,604.84,538.45,620.84,538.45,620.84,525.12,[
607.51,507.79,607.51,522.45,615.51,522.45,614.18,511.79,{
655.51,527.79,655.51,541.12,668.84,541.12,668.84,527.79,]
655.51,509.12,655.51,521.12,668.84,521.12,668.84,509.12,}
707.51,527.79,707.51,538.45,720.84,538.45,720.84,527.79,\
708.84,510.45,708.84,522.45,719.51,522.45,719.51,510.45,|
704.84,569.12,704.84,582.45,732.84,582.45,732.84,569.12,###
695.01,474.61,692.84,485.12,735.51,485.12,735.01,479.7,###
634.18,474.45,634.18,489.12,648.84,489.12,648.84,474.45,=
635.51,461.12,635.51,467.79,647.51,467.79,647.51,461.12,+
72.84,477.12,72.84,491.79,84.84,491.79,84.84,477.12,1
72.84,461.12,72.84,469.12,86.18,469.12,86.18,461.12,!
124.84,477.12,124.84,494.45,140.84,494.45,140.84,477.12,2
127.51,458.45,127.51,470.45,142.18,470.45,142.18,458.45,@
175.51,475.79,175.51,494.45,188.84,494.45,188.84,475.79,3
175.51,461.12,175.51,469.12,191.51,469.12,191.51,461.12,#
227.51,477.12,227.51,489.12,239.51,489.12,239.51,477.12,4
228.84,457.12,228.84,471.79,240.84,471.79,240.84,457.12,$
278.18,475.79,278.18,491.79,291.51,491.79,291.51,475.79,5
279.51,455.79,279.51,469.12,294.18,469.12,294.18,455.79,%
327.51,474.45,327.51,489.12,344.84,489.12,344.84,474.45,6
327.51,458.45,327.51,467.79,340.84,467.79,340.84,458.45,^
379.51,471.79,379.51,489.12,391.51,489.12,391.51,471.79,7
380.84,457.12,380.84,471.79,391.51,471.79,391.51,457.12,&
432.84,477.12,432.84,489.12,444.84,489.12,444.84,477.12,8
434.18,457.12,434.18,469.12,442.18,469.12,442.18,457.12,*
482.18,471.79,482.18,490.45,494.18,490.45,494.18,471.79,9
482.18,455.79,482.18,467.79,492.84,467.79,492.84,455.79,(
534.18,478.45,534.18,494.45,546.18,494.45,546.18,478.45,0
535.51,455.79,535.51,474.45,547.51,474.45,547.51,455.79,)
588.1,481.16,585.91,486.97,600.84,487.79,596.1,478.25,-
588.82,461.52,588.1,469.52,604.1,468.79,603.37,460.07,—
440.84,422.45,440.84,434.45,452.84,434.45,452.84,422.45,###
74.18,422.45,74.18,438.45,92.84,438.45,92.84,422.45,###
127.51,425.12,127.51,434.45,142.18,434.45,142.18,425.12,###
180.84,422.45,180.84,434.45,195.51,434.45,195.51,422.45,###
232.84,421.12,232.84,434.45,244.84,434.45,244.84,421.12,###
282.18,421.12,282.18,430.45,300.84,430.45,300.84,421.12,###
332.84,421.12,332.84,434.45,348.84,434.45,348.84,421.12,###
388.84,421.12,388.84,431.79,402.18,431.79,402.18,421.12,###
491.51,423.79,491.51,434.45,507.51,434.45,507.51,423.79,###
546.18,421.12,546.18,430.45,560.84,430.45,560.84,421.12,###
598.18,418.45,598.18,437.12,618.18,437.12,618.18,418.45,###
647.51,422.45,647.51,434.45,664.84,434.45,664.84,422.45,###
700.84,425.12,700.84,435.79,726.18,435.79,726.18,425.12,###
47.51,683.79,47.51,758.45,154.18,758.45,154.18,683.79,90
172.84,745.12,160.84,789.12,446.18,790.45,446.18,745.12,天免费换新
458.18,723.79,458.18,791.79,652.84,791.79,652.84,723.79,收藏有
660.84,667.79,655.51,777.12,786.18,777.12,746.18,670.45,礼
42.18,238.45,34.18,321.12,120.84,321.12,120.84,227.79,半
124.84,310.45,124.84,309.12,118.18,309.12,118.18,310.45,###
112.84,195.79,112.84,262.45,186.18,262.45,186.18,195.79,价
184.84,262.45,134.18,322.45,204.84,347.79,220.84,278.45,来
194.18,190.45,194.18,274.45,280.84,274.45,280.84,190.45,袭
326.18,214.45,326.18,218.45,342.18,218.45,342.18,214.45,###
360.84,215.79,360.84,221.12,402.18,221.12,402.18,215.79,###
206.18,725.12,206.18,735.79,408.84,735.79,408.84,725.12,mfjp.taobao.com
528.84,249.12,528.84,263.79,558.18,263.79,558.18,249.12,UP
82.18,21.12,82.18,138.45,328.84,138.45,328.84,21.12,质量
352.84,25.12,352.84,110.45,526.18,110.45,526.18,25.12,键盘
531.51,29.12,531.51,47.79,548.84,47.79,548.84,29.12,®
598.18,105.12,598.18,129.12,704.84,129.12,704.84,105.12,售后无忧
599.51,67.79,599.51,90.45,707.51,90.45,707.51,67.79,金冠信誉
599.51,29.12,599.51,49.12,711.51,49.12,711.51,29.12,商城品质
326.91,220.47,326.91,225.27,340.51,225.27,340.51,220.47,###
411.71,218.07,411.71,221.27,429.31,221.27,429.31,218.07,###
536.51,297.27,536.51,304.47,549.31,304.47,549.31,297.27,###
527.71,312.47,527.71,319.67,554.91,319.67,554.91,312.47,###
371.71,224.47,371.71,227.67,393.31,227.67,393.31,224.47,###
428.51,239.67,428.51,246.07,445.31,246.07,445.31,239.67,###
411.85,227.04,411.85,231.84,431.85,231.84,431.85,227.04,###
