26.44,32.32,26.44,105.17,470.01,105.17,469.29,28.03,原质海信电视机高压包
144.29,185.04,144.29,200.76,169.29,199.33,168.58,182.19,CQC
195.72,187.19,195.72,200.76,225.01,200.76,225.01,187.19,CDE
258.58,192.9,256.44,207.9,265.72,207.9,265.72,192.19,C
306.44,173.61,306.44,185.76,317.15,185.76,317.15,174.98,®
315.72,198.61,315.72,212.9,327.15,212.9,327.15,198.61,US
150.01,222.19,150.01,249.33,172.15,249.33,172.15,222.19,BSC
181.44,237.19,181.44,256.47,328.58,256.47,328.58,237.19,25-0201H/ROH
186.44,283.61,186.44,299.33,283.58,299.33,283.58,283.61,20080323
296.44,285.04,296.44,299.33,315.72,299.33,315.01,284.98,10
333.58,338.61,333.58,367.9,447.15,367.9,447.15,338.61,天乐电子配件
30.01,389.26,30.01,468.55,331.44,468.55,331.44,389.26,BSC25-0201H
359.29,382.83,359.29,478.55,461.44,478.55,461.44,382.83,现货
