532.4,780.8,532.4,788.8,634.0,788.8,634.0,780.8,###
535.6,773.6,532.4,779.2,586.8,779.2,586.8,775.2,###
535.6,766.4,535.6,774.4,570.0,774.4,570.0,766.4,###
520.4,694.4,521.2,708.0,622.8,710.4,624.4,696.0,2001933644
250.0,753.6,250.0,765.6,458.0,765.6,458.8,756.0,(1P)MFGNO:ADUM320ARZ-BUZ
247.6,726.4,247.6,736.0,354.0,736.0,354.0,726.4,(11)LOTNUBER:
246.0,694.4,246.0,705.6,382.8,705.6,382.8,694.4,(9D)DATECODE:1723
243.6,663.2,243.6,674.4,334.0,674.4,334.0,663.2,(Q)QTY:1000
414.0,685.6,414.0,700.0,438.8,700.0,438.8,685.6,C
458.0,714.4,458.0,729.6,513.2,729.6,513.2,714.4,CQC
240.4,638.4,240.4,647.2,396.4,647.2,396.4,638.4,COUNTRYOFDIFFUSIONTALWAN
242.0,630.4,242.0,640.0,406.8,640.0,406.8,630.4,COUNTHYOTASSEMBLYMALAYSIA
218.8,537.6,235.6,513.6,244.4,514.4,229.2,540.0,###
234.0,540.0,246.8,516.0,257.2,518.4,242.0,539.2,###
248.4,534.4,254.0,520.0,262.0,519.2,254.0,536.0,###
256.4,534.4,264.4,515.2,270.8,522.4,262.8,536.8,###
262.0,540.8,277.2,515.2,280.4,520.8,275.6,536.0,###
295.6,455.2,295.6,462.4,367.6,468.0,363.6,460.8,###
295.6,448.8,295.6,456.0,331.6,456.0,333.2,450.4,###
298.0,444.0,296.4,448.0,308.4,448.0,310.0,444.0,###
337.2,498.4,328.4,511.2,370.0,512.8,370.0,500.8,A
381.2,482.4,372.4,513.6,417.2,513.6,414.8,484.0,DEV
428.0,545.85,428.0,508.31,421.85,508.31,421.85,545.85,###
436.62,545.23,436.62,511.38,429.23,511.38,429.23,545.23,###
461.23,545.23,461.23,522.46,452.0,522.46,452.0,545.23,###
488.92,542.77,485.85,514.46,476.0,515.08,480.31,543.38,###
521.54,547.08,512.92,520.0,504.92,518.77,516.0,545.85,###
555.38,544.62,540.62,519.38,533.23,521.23,543.08,544.0,###
440.31,672.62,440.31,678.15,473.54,678.15,473.54,672.62,###
429.23,657.23,429.23,664.0,435.38,664.0,435.38,657.23,###
546.15,748.92,544.31,756.31,578.77,756.31,577.54,749.54,###
543.08,730.46,543.08,740.31,582.46,742.15,577.54,729.23,###
549.85,741.54,549.85,746.46,572.0,746.46,572.0,741.54,###
547.38,594.46,547.38,621.54,752.31,621.54,752.31,594.46,佐鑫得电子
565.85,550.15,565.85,590.15,778.77,590.15,778.77,550.15,合作双赢
87.08,550.15,87.08,582.77,241.54,582.77,241.54,550.15,我们做
243.38,548.31,243.38,583.38,318.46,583.38,317.85,547.08,ADI
325.23,552.0,325.23,582.15,537.54,582.15,537.54,552.0,的搬运工
76.0,782.15,79.69,788.31,173.85,799.38,167.08,794.46,###
123.38,780.31,123.38,787.08,200.92,798.77,200.92,793.23,###
602.15,464.0,602.77,470.77,676.0,480.62,673.54,475.69,###
604.0,457.23,603.38,462.15,640.92,468.31,640.31,462.15,###
604.62,451.69,604.62,457.85,618.15,457.85,618.15,451.69,###
618.77,428.92,618.77,436.31,633.54,436.31,633.54,428.92,###
612.0,419.08,613.85,428.31,640.92,431.38,640.31,422.15,###
556.62,396.92,556.0,409.23,594.77,414.77,594.77,403.69,CQC
523.38,368.62,520.31,382.15,621.85,396.92,620.62,387.69,icoupler
608.92,367.38,610.15,379.69,623.69,379.69,623.69,368.62,SA
563.38,361.23,563.38,366.77,589.85,368.0,589.85,361.23,###
524.62,348.31,521.54,368.0,544.92,368.0,544.92,348.92,###
403.38,408.62,402.15,417.23,550.46,443.69,554.15,434.46,###
408.92,385.85,408.31,392.62,482.77,403.08,483.38,396.31,###
415.08,360.0,413.85,366.77,508.0,383.38,506.15,374.77,###
416.31,334.15,417.54,339.69,480.92,353.85,479.69,344.62,###
420.0,318.77,419.38,323.69,524.62,340.92,525.23,335.38,###
422.46,309.54,421.85,317.54,531.38,335.38,526.46,328.62,###
647.69,426.46,647.69,444.92,672.31,444.92,672.31,426.46,ⓔ
301.23,363.69,301.23,374.15,316.0,374.15,316.0,363.69,SA
309.85,421.54,309.85,426.46,325.85,426.46,325.85,421.54,###
304.31,426.46,304.31,433.23,330.77,433.23,330.77,426.46,###
308.62,411.08,308.62,419.69,329.54,419.69,329.54,411.08,###
213.85,370.46,213.85,383.38,240.92,383.38,240.92,370.46,ic
255.08,357.54,253.23,364.31,282.15,364.31,280.92,357.54,###
96.92,416.62,98.15,422.77,245.85,436.92,244.0,428.92,###
103.08,391.38,104.92,400.62,177.54,409.85,173.23,398.77,###
110.46,368.62,107.38,376.0,199.69,386.46,200.92,376.62,###
112.31,344.0,111.08,352.0,171.38,360.0,174.46,351.38,###
113.54,326.77,113.54,334.15,217.54,344.62,215.69,337.85,###
119.69,319.38,116.0,324.92,221.85,337.85,225.54,331.08,###
193.54,460.92,177.54,394.46,617.54,253.54,628.62,311.38,主营：全新原装
26.77,43.69,28.0,101.54,444.0,99.08,440.92,43.69,满88元包邮
