748.12,771.07,748.12,791.99,794.27,791.99,794.27,771.07,包邮！
749.35,751.99,749.35,769.84,794.27,769.84,794.27,751.99,SHIP
747.5,732.92,747.5,750.15,794.27,750.15,794.27,732.92,FREE
461.96,767.99,461.96,797.53,584.42,797.53,584.42,767.99,售后无忧
535.19,751.99,535.19,759.99,583.19,759.99,583.19,751.99,###
506.88,734.15,506.88,750.15,583.19,750.15,583.19,734.15,worries
461.35,716.92,461.35,750.15,499.5,750.15,499.5,716.92,NO
185.65,766.76,185.65,788.92,253.35,788.92,253.35,766.76,退换货
186.27,748.3,186.27,764.92,252.73,764.92,252.73,748.3,天无理由
256.42,748.92,256.42,787.07,273.65,787.07,273.65,748.92,！
149.96,747.69,149.96,791.99,183.19,791.99,183.19,747.69,7
27.5,771.07,27.5,790.76,114.27,790.76,114.27,771.07,实物拍摄
25.65,735.38,25.65,765.53,95.81,765.53,95.81,735.38,100
99.5,750.15,99.5,766.15,114.88,766.15,114.88,750.15,%
12.12,668.3,12.12,729.22,256.42,729.22,256.42,668.3,原装正品
33.04,333.81,33.04,366.42,181.35,366.42,181.35,333.81,EPSON
197.96,325.81,197.96,370.11,347.5,370.11,347.5,325.81,爱普生
18.27,279.24,18.27,313.7,375.19,313.7,375.19,279.24,UHE200W/75V
17.04,217.7,17.04,254.01,375.19,254.01,375.19,217.7,UHE170W/80V
9.65,69.46,9.65,123.62,633.65,123.62,633.65,69.46,广州弘博投影耗材专营
72.42,38.08,72.42,56.54,596.73,56.54,596.73,38.08,Thankyouforyoursupport,wewilldobetter
177.04,7.31,177.04,27.0,473.65,27.0,473.65,7.31,Highquality,youdeserve
660.12,82.39,660.12,95.93,773.35,95.93,773.35,82.39,100%Authentlc
671.19,105.77,665.04,126.08,715.5,137.16,716.73,115.62,满意
720.42,115.0,717.96,135.93,769.65,127.93,760.42,105.77,服务
666.27,47.31,670.58,68.23,716.73,61.46,718.58,38.08,品质
722.27,38.69,719.81,59.0,766.58,73.77,773.96,54.08,保证
