12.67,13.33,12.67,68.0,126.0,68.0,126.0,13.33,热销
11.33,74.67,11.33,105.33,86.0,105.33,86.0,74.67,HOT
180.67,38.67,208.67,65.33,75.33,197.33,52.67,169.33,安利护眼素
607.33,86.67,607.33,142.67,722.0,142.67,722.0,86.67,包邮
335.33,376.0,335.33,400.0,527.33,400.0,527.33,373.33,NUTRILITE
256.67,374.67,260.67,626.67,267.33,630.67,267.33,374.67,###
491.33,529.33,491.33,546.67,319.33,546.67,319.33,529.33,VisionHealth
467.33,554.67,467.33,574.67,318.0,574.67,318.0,554.67,WithLutein
491.33,578.67,491.33,592.0,315.33,592.0,315.33,578.67,SupportVisualSharpness
410.0,596.0,410.0,609.33,315.33,609.33,315.33,596.0,DIETARYSUPPLEMENT
532.67,521.33,532.67,532.0,548.67,532.0,548.67,521.33,34
530.0,521.33,530.0,534.67,516.67,534.67,516.67,521.33,19
486.0,617.33,486.0,634.67,538.0,628.0,539.33,617.33,62Tablets
312.67,621.33,312.67,637.33,416.67,637.33,416.67,621.33,2TABLETS,1ASDAY
318.0,741.33,318.0,793.33,47.33,793.33,47.33,741.33,100%正品
392.67,738.67,392.67,790.67,748.67,790.67,748.67,738.67,满399减10元
502.0,492.0,502.0,514.67,512.67,514.67,512.67,492.0,###
518.0,478.67,518.0,493.33,507.33,493.33,507.33,478.67,###
536.67,472.0,536.67,482.67,518.0,482.67,518.0,472.0,###
539.33,473.33,539.33,484.0,552.67,484.0,552.67,473.33,###
550.0,486.67,550.0,506.67,559.33,506.67,559.33,486.67,###
