108.5,17.0,108.5,49.0,245.5,49.0,245.5,17.0,淘宝总店
252.5,12.0,252.5,54.0,266.5,54.0,266.5,12.0,三周年
21.5,10.0,21.5,32.0,49.5,32.0,50.5,16.0,Ma
54.5,15.0,53.5,51.0,82.5,51.0,82.5,10.0,唛
16.5,33.0,16.5,76.0,49.5,76.0,49.5,33.0,麦
51.5,51.0,52.5,69.0,86.5,75.0,85.5,55.0,Mark
275.5,60.0,275.5,74.0,96.5,74.0,96.5,60.0,wmmt.taobao.com
40.5,83.0,40.5,104.0,242.5,104.0,242.5,83.0,100%实物拍照
308.5,42.0,308.5,67.0,371.5,67.0,371.5,42.0,湾岸
415.5,56.0,415.5,67.0,368.5,67.0,368.5,56.0,###
488.5,44.0,488.5,60.0,565.5,60.0,565.5,44.0,PLUS
400.5,96.0,420.5,44.0,473.5,43.0,459.5,98.0,3
513.5,64.0,502.5,100.0,444.5,99.0,456.5,65.0,DX
292.5,86.0,292.5,98.0,397.5,98.0,397.5,86.0,###
344.5,100.0,344.5,108.0,388.5,108.0,388.5,100.0,###
393.5,101.0,393.5,108.0,493.5,108.0,493.5,101.0,###
406.5,118.0,406.5,138.0,557.5,138.0,557.5,118.0,825马力/DG
124.5,119.0,124.5,133.0,150.5,133.0,150.5,119.0,sss
156.5,119.0,156.5,132.0,276.5,132.0,276.5,119.0,/WanganBeginner
12.5,118.0,12.5,136.0,119.5,136.0,119.5,118.0,TSOEK
13.5,168.0,13.5,193.0,196.5,193.0,196.5,168.0,这次的行走里程
249.5,156.0,249.5,193.0,453.5,193.0,453.5,156.0,原装新卡制作
13.5,216.0,13.5,241.0,144.5,241.0,144.5,216.0,总行走里程
323.5,237.0,323.5,207.0,585.5,207.0,585.5,237.0,269,842km
503.5,159.0,503.5,192.0,584.5,192.0,584.5,159.0,0km
461.5,391.0,461.5,415.0,584.5,415.0,585.5,389.0,（详情多图）
22.5,428.0,22.5,464.0,171.5,464.0,171.5,428.0,仪表齐全
180.5,430.0,180.5,464.0,413.5,464.0,413.5,430.0,SSS级满马力
424.5,428.0,424.5,464.0,574.5,464.0,574.5,428.0,满63改装
15.5,483.0,15.5,519.0,100.5,519.0,100.5,483.0,492级
108.5,484.0,108.5,517.0,225.5,517.0,225.5,484.0,36767星
234.5,484.0,234.5,518.0,351.5,518.0,351.5,484.0,20000币
359.5,482.0,359.5,518.0,493.5,518.0,493.5,482.0,隐藏车型
505.5,483.0,505.5,517.0,584.5,517.0,584.5,483.0,大火！
40.5,545.0,40.5,581.0,326.5,581.0,326.5,545.0,3DX+车卡，转
341.5,552.0,341.5,563.0,369.5,563.0,369.5,552.0,湾岸
342.5,568.0,342.5,563.0,377.5,563.0,377.5,568.0,###
440.5,542.0,440.5,588.0,383.5,588.0,383.5,542.0,4
444.5,544.0,444.5,581.0,559.5,581.0,559.5,544.0,可改名
183.5,293.0,191.5,306.0,3.5,412.0,0.5,392.0,http：//wmmt.taobao.com
450.5,292.0,455.5,305.0,269.5,410.0,264.5,396.0,http：//wmmt.taobao.com
590.5,290.0,598.5,306.0,411.5,413.0,404.5,398.0,http：//wmmt.taobao.com
590.5,147.0,599.5,161.0,413.5,266.0,406.5,253.0,http：//wmmt.taobao.com
449.5,149.0,455.5,162.0,270.5,268.0,263.5,252.0,http：//wmmt.taobao.com
322.5,148.0,330.5,164.0,145.5,267.0,137.5,251.0,http：//wmmt.taobao.com
322.5,293.0,329.5,306.0,144.5,411.0,137.5,396.0,http：//wmmt.taobao.com
182.5,151.0,186.5,162.0,3.5,268.0,0.5,252.0,http：//wmmt.taobao.com
305.5,82.0,305.5,69.0,409.5,69.0,409.5,82.0,MIDNIGHT
482.0,9.67,482.0,92.67,578.0,92.67,578.0,9.67,+
