43.44,53.75,37.19,102.5,161.56,101.25,176.56,53.13,GST
227.81,28.13,227.81,85.0,730.94,85.0,730.94,28.13,英国原装进口假一罚十
230.31,95.0,230.31,125.0,721.56,125.0,721.56,95.0,http://gustocar.taobao.com
304.06,148.75,302.81,154.38,367.81,159.38,372.81,148.75,###
375.94,149.38,369.06,160.0,480.31,168.75,485.31,155.63,mancE+RacE
314.06,160.0,309.06,176.88,465.94,185.0,477.81,171.88,JEEP,Truck+SW
400.31,318.13,399.06,325.0,458.44,328.75,457.81,321.88,###
399.75,310.0,399.75,316.5,471.25,323.5,471.75,315.0,###
117.25,212.5,120.75,216.0,181.25,200.0,179.25,196.5,###
114.25,209.0,116.75,212.5,187.25,195.0,185.75,190.0,###
138.75,185.0,140.25,190.0,177.25,180.5,172.75,175.5,BRAKES
106.25,187.5,110.75,192.5,170.25,177.0,169.25,171.0,ECO-FRIENOLY
101.75,183.5,104.75,189.5,165.75,172.5,163.75,167.0,WORLDSFIRST
57.25,283.5,58.25,296.0,130.75,277.5,129.25,264.5,DP21636
57.75,321.0,57.75,327.0,133.25,305.0,131.75,299.5,###
81.84,342.35,82.28,348.53,122.43,336.18,121.54,329.56,###
64.19,365.29,65.07,370.59,96.4,360.44,96.84,355.15,###
60.22,360.88,61.54,364.85,103.01,353.82,104.78,347.65,###
459.04,365.29,459.04,380.29,518.16,380.29,518.16,365.29,BRAKE-IN
547.72,367.06,547.72,382.06,608.16,382.06,608.16,367.06,COATING
455.07,499.85,455.07,514.85,520.81,514.85,520.81,499.85,BRAKE-IN
554.34,497.65,554.34,512.65,619.63,512.65,619.63,497.65,COATING
174.04,587.65,180.66,605.29,249.49,599.56,244.63,581.03,BRAKE-IN
276.4,578.38,279.93,595.15,346.54,589.85,339.93,570.0,COATING
257.43,419.56,260.51,435.0,318.75,430.15,313.9,417.35,COATING
116.25,422.65,116.25,440.74,244.63,440.74,244.63,422.65,加斯途汽车服务
271.1,427.06,271.1,439.41,454.63,439.41,454.63,427.06,gustocar.taobao.com
479.78,422.21,479.78,441.18,551.69,441.18,551.69,422.21,官方授权
567.13,422.65,567.13,441.62,639.93,441.62,639.93,422.65,品质保障
612.57,317.21,610.81,326.47,669.93,338.82,676.1,329.56,BRAKES
597.57,287.65,586.99,311.91,676.54,326.91,684.04,306.18,EBC
437.87,287.21,437.87,294.26,474.49,296.47,474.93,290.29,BRAKES
411.84,277.5,410.07,284.56,475.37,289.41,474.93,281.91,ECO-FRIENOLY
411.4,270.0,410.51,276.18,473.6,281.91,475.37,274.41,WORLDSFIRST
529.02,366.43,529.02,382.5,540.27,382.5,540.27,366.43,###
535.45,499.29,535.45,513.75,546.7,513.75,546.7,499.29,###
256.34,579.11,256.34,595.71,271.88,595.71,271.88,579.11,###
