14.82,17.88,14.82,42.35,197.41,42.35,197.41,17.88,PEAKMETER
199.29,9.88,199.29,27.76,215.29,27.76,215.29,9.88,Ⓡ
16.24,47.06,16.24,71.06,38.82,71.06,38.82,47.06,华
67.06,47.53,67.06,71.06,92.0,71.06,92.0,47.53,谊
117.41,47.53,117.41,71.06,143.29,71.06,143.29,47.53,仪
169.65,45.18,169.65,72.47,193.18,72.47,193.18,45.18,表
56.71,142.12,56.71,214.12,785.18,188.24,770.12,119.06,快速检测地零火线安全
226.59,228.71,226.59,264.0,665.18,250.82,659.06,216.47,插座测试仪为用电安全护航
286.35,294.59,286.35,304.94,333.88,304.94,333.88,294.59,singalong.
335.76,293.18,335.76,304.0,498.59,298.35,495.29,287.53,SongssuchastheTennesseeWaltz,
499.06,287.53,499.06,297.88,621.41,294.12,621.41,283.29,HarborLightsandaroundC
332.0,283.29,332.0,291.76,345.65,291.76,345.65,283.29,ee
347.53,280.94,347.53,290.35,383.76,290.35,383.76,280.94,children:
384.24,279.53,384.24,289.41,573.88,283.76,570.59,273.41,Thisha,Monteandl.GeorgeJr.wouldoften
288.71,271.53,288.71,282.35,347.53,282.35,347.53,271.53,Occasionally,
348.0,270.12,348.0,281.88,614.35,271.53,614.82,262.12,Dadwouldgetoutthismandolinandplayforthefamily.Wethr
335.43,324.95,335.43,374.1,607.81,364.19,607.81,314.29,第二件半价
262.29,463.24,262.29,482.29,407.43,488.0,406.67,470.1,PEAKMETER
408.95,464.0,408.95,480.0,422.67,480.0,422.67,464.0,Ⓡ
334.29,487.62,335.05,500.57,444.0,507.05,442.1,493.71,220V-250V50-60Hz
224.57,481.9,224.19,495.62,293.52,498.67,292.76,486.1,PM6860CR
319.81,511.24,319.43,526.1,380.76,531.81,380.38,513.14,正确连接
319.05,539.05,316.38,555.43,378.48,560.76,377.71,543.24,缺少地线
316.0,568.76,314.1,585.52,422.29,594.29,421.52,577.52,火线与地线接反
312.57,597.71,311.43,614.1,419.62,625.9,418.48,609.14,火线与零线接反
309.14,626.29,308.76,642.29,369.33,649.52,367.81,632.38,缺少零线
198.67,652.19,197.52,662.86,258.86,672.38,256.95,659.05,RCD测试功能
286.67,664.0,287.05,678.86,344.19,686.48,340.38,670.48,l▲n30mA
237.14,638.86,237.9,652.95,395.62,674.67,395.62,660.19,此测试器不能区分地线与零线接反
704.19,766.48,704.19,794.67,793.71,794.67,793.71,766.48,无乐金
319.05,486.1,319.05,500.19,334.29,500.19,334.29,486.1,###
