54.8,668.0,54.8,720.8,204.4,720.8,204.4,668.0,12.12
32.4,728.0,32.4,790.4,228.4,790.4,228.4,728.0,品牌盛典
275.6,734.4,275.6,781.6,326.8,781.6,326.8,734.4,领
333.2,718.4,333.2,782.4,473.2,782.4,473.2,718.4,100
474.8,744.8,474.8,780.0,506.8,780.0,506.8,744.8,元
510.8,725.6,510.8,783.2,638.0,783.2,638.0,725.6,大促
642.0,736.8,642.0,781.6,787.6,781.6,787.6,736.8,提前购
462.0,640.8,462.0,676.0,579.6,676.0,579.6,640.8,72mm
594.0,638.4,594.0,680.8,791.6,680.8,791.6,638.4,超薄减光镜
546.0,560.8,546.0,604.0,792.4,604.0,792.4,560.8,多膜减光11档
650.8,412.0,650.8,472.8,761.2,472.8,761.2,412.0,100
694.0,354.67,696.4,388.0,720.4,388.0,720.4,355.2,Ұ
379.6,667.2,390.0,672.8,429.2,634.4,416.4,631.2,NISI
490.8,504.8,506.8,508.8,535.6,430.4,525.2,422.4,ND2000
526.0,420.0,539.6,422.4,557.2,336.0,543.6,333.6,72mmw
52.4,40.8,49.2,95.2,193.2,96.8,195.6,39.2,NiSi
205.2,32.8,205.2,49.6,220.4,49.6,220.4,32.8,R
215.6,69.6,215.6,98.4,394.8,98.4,394.8,69.6,影像·随心镜
432.4,608.8,443.6,616.0,498.8,526.4,483.6,526.4,MC+WPC
