4.23,15.73,4.23,95.59,322.46,95.59,322.46,15.73,全新原装
413.21,14.52,413.21,94.38,725.39,94.38,725.39,14.52,降价促销
238.97,133.1,238.97,203.28,48.91,194.07,47.3,137.61,收藏店
41.91,213.67,43.12,272.96,252.45,269.33,235.51,214.88,铺有礼
473.71,193.6,473.71,199.65,551.15,199.65,551.15,193.6,###
480.97,180.29,480.97,187.55,548.74,187.55,548.74,180.29,###
517.27,168.19,517.27,174.24,547.52,174.24,547.52,168.19,###
28.43,320.65,28.43,329.12,41.74,329.12,41.74,320.65,Esc
69.58,320.65,69.58,330.33,79.25,330.33,79.25,320.65,F1
108.3,320.65,108.3,329.12,120.39,329.12,120.39,320.65,F2
147.01,320.65,147.01,329.12,155.48,329.12,155.48,320.65,F3
184.53,321.86,184.53,331.54,197.84,331.54,197.84,321.86,F4
226.88,320.65,226.88,331.54,236.56,331.54,236.56,320.65,F5
264.38,320.65,264.38,331.54,277.69,331.54,277.69,320.65,F6
303.11,321.86,303.11,332.75,316.41,332.75,316.41,321.86,F7
341.82,321.86,341.82,333.96,353.93,333.96,353.93,321.86,F8
382.96,321.86,382.96,333.96,395.06,333.96,395.06,321.86,F9
422.89,321.86,422.89,333.96,438.63,333.96,438.63,321.86,F10
461.62,323.07,461.62,332.75,474.93,332.75,474.93,323.07,F11
499.13,323.07,499.13,335.17,516.06,335.17,516.06,323.07,F12
541.48,325.49,541.48,332.75,569.3,332.75,569.3,325.49,SumLK
618.91,325.49,618.91,332.75,641.9,332.75,641.9,325.49,Insert
686.67,363.0,686.67,371.47,658.85,371.47,658.85,363.0,Home
683.04,399.3,683.04,408.98,660.05,408.98,660.05,399.3,Page
675.78,410.19,675.78,418.66,661.26,418.66,661.26,410.19,Up
685.47,441.65,685.47,451.33,663.68,451.33,663.68,441.65,Page
691.51,452.54,691.51,462.22,663.68,462.22,663.68,452.54,Down
683.04,490.05,683.04,500.94,664.89,500.94,664.89,490.05,End
557.2,488.84,557.2,499.73,581.4,499.73,581.4,488.84,Shift
595.92,446.49,595.92,457.38,622.54,457.38,622.54,446.49,Enter
592.29,361.79,592.29,371.47,639.49,371.47,639.49,361.79,Backspace
403.53,361.79,403.53,373.89,413.21,373.89,413.21,361.79,9
447.09,364.21,447.09,375.1,456.77,375.1,456.77,364.21,0
447.09,349.69,447.09,360.58,453.14,360.58,453.14,349.69,)
489.44,355.74,489.44,364.21,502.75,364.21,502.75,355.74,_
531.79,352.11,531.79,360.58,541.48,360.58,541.48,352.11,+
531.79,366.63,531.79,373.89,539.05,373.89,539.05,366.63,=
489.44,366.63,489.44,372.68,500.33,372.68,500.33,366.63,-
553.57,392.04,553.57,404.14,562.04,404.14,562.04,392.04,###
553.57,405.35,553.57,418.66,562.04,418.66,562.04,405.35,]
598.35,405.35,598.35,418.66,606.81,418.66,606.81,405.35,\
598.35,389.62,598.35,404.14,604.39,404.14,604.39,389.62,|
511.22,390.83,511.22,405.35,518.49,405.35,518.49,390.83,###
511.22,406.56,511.22,417.45,519.69,417.45,519.69,406.56,[
520.9,417.45,520.9,423.5,536.63,423.5,536.63,417.45,###
468.88,390.83,468.88,405.35,478.56,405.35,478.56,390.83,P
425.31,392.04,425.31,405.35,437.41,405.35,437.41,392.04,O
381.75,388.41,381.75,406.56,389.01,406.56,389.01,388.41,I
362.39,363.0,362.39,373.89,369.65,373.89,369.65,363.0,8
405.95,349.69,405.95,360.58,413.21,360.58,413.21,349.69,(
363.6,349.69,363.6,358.16,369.65,358.16,369.65,349.69,*
318.83,349.69,318.83,361.79,328.51,361.79,328.51,349.69,&
318.83,363.0,318.83,372.68,327.31,372.68,327.31,363.0,7
278.9,361.79,278.9,373.89,284.95,373.89,284.95,361.79,6
277.69,347.27,277.69,354.53,284.95,354.53,284.95,347.27,^
235.34,348.48,235.34,359.37,246.23,359.37,246.23,348.48,%
234.13,360.58,234.13,372.68,243.81,372.68,243.81,360.58,5
193.0,346.06,193.0,359.37,201.47,359.37,201.47,346.06,$
191.78,361.79,191.78,371.47,202.67,371.47,202.67,361.79,4
150.64,360.58,150.64,371.47,159.12,371.47,159.12,360.58,3
150.64,348.48,150.64,359.37,159.12,359.37,159.12,348.48,#
107.08,344.85,107.08,359.37,120.39,359.37,120.39,344.85,@
108.3,361.79,108.3,371.47,116.77,371.47,116.77,361.79,2
67.16,359.37,67.16,371.47,74.41,371.47,74.41,359.37,1
67.16,347.27,67.16,359.37,74.41,359.37,74.41,347.27,!
27.22,346.06,27.22,353.32,36.91,353.32,36.91,346.06,~
24.8,365.42,24.8,372.68,32.06,372.68,32.06,365.42,`
23.59,395.67,23.59,406.56,39.32,406.56,39.32,395.67,Tab
86.52,388.41,86.52,401.72,96.19,401.72,96.19,388.41,Q
127.66,387.2,127.66,401.72,144.59,401.72,144.59,387.2,W
168.79,389.62,168.79,402.93,182.1,402.93,182.1,389.62,E
212.35,389.62,212.35,402.93,222.03,402.93,222.03,389.62,R
254.7,389.62,254.7,402.93,265.59,402.93,265.59,389.62,T
297.06,390.83,297.06,404.14,307.94,404.14,307.94,390.83,Y
339.4,389.62,339.4,405.35,352.71,405.35,352.71,389.62,U
351.5,433.18,351.5,446.49,357.56,446.49,357.56,433.18,J
392.64,431.97,392.64,447.7,404.75,447.7,404.75,431.97,K
437.41,434.39,437.41,447.7,445.88,447.7,445.88,434.39,L
479.76,434.39,479.76,444.07,484.6,444.07,484.6,434.39,:
479.76,450.12,479.76,461.01,487.02,461.01,487.02,450.12,;
523.32,434.39,523.32,441.65,528.16,441.65,528.16,434.39,"
522.12,447.7,522.12,456.17,528.16,456.17,528.16,447.7,'
503.96,477.95,503.96,490.05,511.22,490.05,511.22,477.95,？
503.96,493.68,503.96,503.36,511.22,503.36,511.22,493.68,/
525.75,534.82,525.75,543.29,545.11,543.29,545.11,534.82,Ctrl
437.41,532.4,437.41,542.08,451.94,542.08,451.94,532.4,Alt
461.62,494.89,461.62,500.94,466.45,500.94,466.45,494.89,。
460.4,477.95,460.4,490.05,467.66,490.05,467.66,477.95,<
415.63,477.95,415.63,488.84,424.1,488.84,424.1,477.95,###
415.63,497.31,415.63,504.57,424.1,504.57,424.1,497.31,,
372.07,476.74,372.07,493.68,384.18,493.68,384.18,476.74,M
373.28,500.94,373.28,510.62,380.55,510.62,380.55,500.94,###
328.51,475.53,328.51,488.84,338.19,488.84,338.19,475.53,N
304.31,431.97,304.31,446.49,317.63,446.49,317.63,431.97,H
283.75,476.74,283.75,490.05,295.84,490.05,295.84,476.74,B
264.38,431.97,264.38,446.49,275.27,446.49,275.27,431.97,G
242.6,474.32,242.6,487.63,252.28,487.63,252.28,474.32,V
219.61,430.76,219.61,445.28,229.29,445.28,229.29,430.76,F
178.47,430.76,178.47,446.49,188.16,446.49,188.16,430.76,D
199.04,475.53,199.04,488.84,208.72,488.84,208.72,475.53,C
156.69,474.32,156.69,488.84,165.16,488.84,165.16,474.32,X
111.92,473.11,111.92,488.84,121.6,488.84,121.6,473.11,Z
134.91,429.55,134.91,445.28,144.59,445.28,144.59,429.55,S
92.56,430.76,92.56,445.28,104.66,445.28,104.66,430.76,A
18.75,441.65,18.75,451.33,61.1,451.33,61.1,441.65,Capslock
27.22,484.0,27.22,493.68,49.0,493.68,49.0,484.0,Shift
12.71,527.56,12.71,537.24,30.86,537.24,30.86,527.56,Ctrl
67.16,526.35,67.16,536.03,79.25,536.03,79.25,526.35,Fn
153.06,528.77,153.06,537.24,167.59,537.24,167.59,528.77,Alt
353.93,457.38,353.93,464.64,358.76,464.64,358.76,457.38,1
396.27,458.59,396.27,467.06,401.12,467.06,401.12,458.59,2
438.63,458.59,438.63,467.06,445.88,467.06,445.88,458.59,3
341.82,416.24,341.82,422.29,350.3,422.29,350.3,416.24,###
386.59,415.03,386.59,422.29,392.64,422.29,392.64,415.03,4
428.94,415.03,428.94,423.5,437.41,423.5,437.41,415.03,5
471.29,415.03,471.29,423.5,477.34,423.5,477.34,415.03,6
5.45,591.69,5.45,664.29,122.81,664.29,122.81,591.69,照片
153.23,571.83,144.59,666.71,215.98,666.71,215.98,569.91,实
231.72,592.9,231.72,659.45,291.0,659.45,291.0,592.9,物
297.06,590.48,301.43,669.83,725.39,669.13,725.39,590.48,支持维修站验货
540.26,332.75,540.26,341.22,563.25,341.22,563.25,332.75,SOLK
581.4,332.75,581.4,342.43,605.61,342.43,605.61,332.75,SysEq
581.4,325.49,581.4,333.96,603.18,333.96,603.18,325.49,PrtSc
618.91,335.17,618.91,341.22,641.9,341.22,641.9,335.17,Pease
661.26,333.96,661.26,341.22,678.2,341.22,678.2,333.96,Break
658.85,326.7,658.85,335.17,683.04,335.17,683.04,326.7,Delet
