292.33,324.08,291.77,316.74,307.59,316.17,307.59,324.08,企业
323.41,324.08,323.41,316.74,308.15,316.74,308.15,324.08,###
294.59,313.35,294.59,297.53,320.58,297.53,320.58,313.35,企
272.56,321.26,272.56,285.1,185.55,285.1,185.55,321.26,可直拍
30.17,322.95,30.17,285.1,149.95,285.1,149.95,322.95,实物拍摄
2.49,215.6,2.49,207.69,68.03,207.69,68.03,215.6,Shenzhen
77.63,215.6,77.63,208.26,140.35,208.26,140.35,215.6,Inconeon
147.69,215.6,147.69,206.56,236.4,206.56,236.4,215.6,Electronics
244.87,216.73,244.87,205.43,260.69,205.43,261.26,216.73,Co
268.6,217.86,268.6,211.65,281.6,211.65,281.6,217.86,,.
285.55,204.87,285.55,216.17,309.85,216.17,309.85,204.87,Ltd
5.88,202.04,5.88,185.66,309.85,185.66,309.85,202.04,深圳市英科能电子有限公司
32.43,170.4,32.43,158.54,64.64,158.54,63.51,167.01,B9P0
140.91,165.88,140.91,154.02,169.16,154.02,169.16,162.49,B9P0
242.61,154.58,242.61,142.72,269.73,142.72,269.17,151.76,B9P0
10.96,161.93,11.53,151.19,37.52,148.37,36.95,159.67,IOR
121.7,146.11,121.7,157.41,145.43,155.71,146.56,146.11,IOR
226.79,146.67,226.79,134.24,248.26,134.24,247.7,143.85,IOR
325.67,125.2,325.67,135.94,337.53,135.94,337.53,125.2,IO
43.73,147.8,43.73,157.97,79.33,155.71,81.02,143.85,P169D
151.08,142.72,151.08,152.89,184.98,152.89,185.55,141.02,P169D
252.78,133.11,252.78,142.15,284.42,142.15,283.86,130.29,P169D
13.22,138.76,13.79,124.07,76.5,120.12,77.07,131.42,FR7546
123.96,134.24,125.09,121.81,182.72,117.86,182.72,129.16,FR7546
228.49,124.64,228.49,111.08,282.73,108.25,282.16,118.99,FR7546
326.8,115.03,326.8,103.17,335.27,103.17,335.27,115.03,F
4.18,70.96,4.18,63.05,122.83,64.18,122.83,70.96,InconeonElectronics
4.18,47.23,4.18,59.66,124.53,59.66,124.53,47.23,英科能电子
1.92,14.46,1.92,33.67,122.83,32.54,121.7,15.03,inconeon
114.36,8.25,114.92,15.03,126.22,15.03,126.22,8.25,TM
