366.5,67.0,367.91,84.0,497.5,89.0,499.36,73.09,健/康/美/味/轻/松/做
367.5,92.0,366.27,105.27,498.43,112.29,497.73,96.0,详/图/细/步/零/失/败
68.5,82.0,68.45,108.55,124.5,108.0,126.82,75.82,快乐
125.5,88.0,125.18,116.73,178.64,114.55,178.09,84.55,厨房
274.5,121.0,262.64,214.91,431.5,219.0,431.5,121.0,我爱
189.5,221.0,184.09,337.09,366.5,317.0,364.09,215.45,养生
367.29,241.71,364.64,350.73,547.91,336.55,542.45,228.0,杂粮
273.5,353.0,273.5,369.0,310.5,369.0,310.5,353.0,菜肴篇
320.5,355.0,320.5,370.0,354.27,368.73,352.5,355.0,主食篇
361.5,354.0,361.5,370.0,398.5,370.0,398.5,354.0,汤粥篇
404.5,355.0,404.5,370.0,438.5,370.0,438.5,355.0,小点篇
446.5,352.0,446.5,369.0,481.5,369.0,481.5,352.0,饮品篇
344.5,384.0,344.5,397.0,387.5,397.0,387.5,384.0,风中彩虹
400.5,382.0,400.5,397.0,410.45,396.55,411.5,382.0,著
257.5,829.0,254.5,851.0,398.5,839.0,396.5,822.0,北京科学技术出版
93.5,760.0,116.5,811.0,241.5,767.0,222.5,723.0,1000
409.5,722.0,424.5,769.0,537.5,733.0,525.5,683.0,1200
413.5,784.0,416.5,805.0,570.5,750.0,562.5,734.0,万人次尝试，真好吃
103.5,826.0,110.5,845.0,269.5,792.0,264.5,772.0,张步骤图，一看就会
73.36,112.36,73.36,117.27,124.09,114.55,125.18,111.27,###
69.0,243.27,69.0,252.55,127.36,252.55,126.82,244.36,###
68.45,256.91,70.09,265.64,143.18,265.64,143.18,256.91,blog,slna.com.cn/
68.45,272.18,67.36,282.0,137.18,282.0,137.18,273.82,windralnbowshy
68.45,286.36,68.45,296.73,137.73,296.73,137.73,286.36,与作者交流烹调经验
22.64,102.0,22.64,196.91,33.55,196.91,33.55,102.0,快乐厨房
22.09,243.82,22.09,424.91,35.73,424.91,35.73,243.82,我爱养生杂粮
24.27,543.27,24.27,604.36,31.36,604.36,31.36,543.27,风中彩虹
24.27,622.36,24.27,636.0,32.45,637.64,33.55,622.36,著
27.0,716.18,27.0,866.18,34.64,866.18,34.64,716.18,###
