55.09,68.45,55.09,79.36,160.09,79.36,160.09,68.45,BURBERRY
89.18,80.05,89.18,86.86,130.09,86.86,130.09,80.05,###
61.91,96.41,61.91,103.91,153.27,103.91,153.27,96.41,BLUELABEL
4.64,395.05,4.64,406.64,61.91,406.64,61.91,395.05,WISHLIST
67.36,395.73,67.36,408.68,78.27,408.68,78.27,395.73,＋
4.64,357.55,4.64,371.86,151.91,371.86,151.91,357.55,color:
6.0,336.41,6.0,352.09,218.05,352.09,218.05,336.41,size:4(23.5cm)•5（24.5cm）
5.32,316.64,5.32,327.55,59.18,327.55,59.18,316.64,SHOES
70.09,314.59,70.09,330.27,128.73,330.27,128.73,314.59,￥44,100
146.45,316.64,146.45,330.95,240.55,330.95,240.55,316.64,（E2401-401）
4.64,262.77,4.64,276.41,212.59,276.41,212.59,262.77,color:
5.32,242.32,5.32,253.91,53.73,253.91,53.73,242.32,BERET
67.36,242.32,67.36,255.95,126.0,255.95,126.0,242.32,￥11,550
141.68,240.95,141.68,255.95,234.41,255.95,234.41,240.95,（E2502-632）
40.09,187.77,40.09,204.14,161.45,204.14,161.45,187.77,###
4.64,168.68,4.64,182.32,163.5,182.32,163.5,168.68,color:
1.91,146.86,1.91,160.5,67.36,160.5,67.36,146.86,size:38
4.64,125.73,4.64,138.68,56.45,138.68,56.45,125.73,DRESS
70.09,125.05,70.09,139.36,127.36,139.36,127.36,125.05,￥27,300
146.45,125.73,146.45,139.36,233.73,139.36,233.73,125.73,（E1J95-604）
526.91,556.5,526.91,568.09,725.32,568.09,725.32,556.5,http://shop34280331.taobao.com/
574.64,529.23,574.64,551.73,619.64,551.73,619.64,529.23,追逐
523.5,489.0,523.5,554.45,724.64,554.45,724.64,489.0,Thefuture
