413.78,738.67,413.78,752.89,470.67,752.89,470.67,738.67,2x400g
558.67,675.56,558.67,683.56,632.44,683.56,632.44,675.56,opvolgmelk
591.56,660.44,591.56,670.22,656.44,670.22,656.44,660.44,maanden
558.67,658.67,558.67,669.33,587.11,669.33,587.11,658.67,6-10
552.44,584.0,552.44,633.78,586.22,633.78,586.22,584.0,2
620.89,490.67,620.89,500.44,680.44,500.44,680.44,490.67,maanden
607.56,487.11,607.56,499.56,615.56,499.56,615.56,487.11,6
564.89,489.78,564.89,500.44,604.0,500.44,604.0,489.78,vanaf
615.56,473.78,615.56,484.44,662.67,484.44,662.67,473.78,kindjes
582.67,473.78,582.67,485.33,612.0,485.33,612.0,473.78,voor
616.44,457.78,616.44,468.44,689.33,468.44,689.33,457.78,ontwikkeld
556.89,457.78,556.89,468.44,612.0,468.44,612.0,457.78,Speciaal
507.11,351.11,507.11,367.11,651.11,367.11,651.11,351.11,Standaard
516.89,301.33,516.89,329.78,643.11,329.78,643.11,301.33,Baby
514.22,240.89,514.22,270.22,641.33,270.22,641.33,240.89,Hero
695.56,259.56,695.56,270.22,743.56,270.22,743.56,259.56,recept
685.78,246.22,685.78,256.0,753.33,256.0,753.33,246.22,heszelfde
696.44,231.11,696.44,243.56,742.67,243.56,742.67,231.11,naam,
691.11,218.67,691.11,228.44,747.11,228.44,747.11,218.67,Nieuwe
468.89,134.22,468.89,166.22,630.67,166.22,630.67,134.22,五皇冠卖家
43.11,167.11,43.11,180.44,194.22,180.44,194.22,167.11,HAIZAIQUANQIU
44.0,132.44,44.0,165.33,193.33,165.33,193.33,132.44,海载全球
461.78,49.78,461.78,104.0,688.44,104.0,688.44,49.78,新鲜空运
219.11,49.78,219.11,104.89,443.11,104.89,443.11,49.78,原装进口
