92.63,138.75,92.63,203.25,226.13,203.25,226.13,138.75,包邮
94.88,69.75,94.88,132.0,226.13,132.0,226.13,69.75,特价
394.88,237.75,399.38,260.25,475.88,254.25,474.38,234.0,PACK
288.38,244.5,293.63,264.0,379.88,258.75,382.13,238.5,TTERY
277.88,279.0,277.88,294.75,331.88,291.0,329.63,277.5,A-S006
334.88,276.75,335.63,291.0,424.13,286.5,424.88,273.0,CGA-S006E
430.13,270.75,433.13,285.0,519.38,282.0,520.13,266.25,DMW-BMA7
258.38,303.75,258.38,322.5,300.38,322.5,300.38,303.75,7.2V
308.63,302.25,310.88,318.0,386.63,315.75,387.38,298.5,1480mAh
392.63,297.75,397.88,314.25,459.38,312.75,457.13,295.5,10.7Wh
470.63,294.75,470.63,312.75,522.38,308.25,518.63,294.0,Li-ion
286.88,381.0,288.38,399.75,404.63,392.25,401.63,375.75,CAUTION
261.38,456.75,262.13,469.5,444.38,460.5,438.38,444.0,contactsorincinerate.
261.38,428.25,261.38,446.25,546.38,434.25,542.63,413.25,60°Ccrush,puncture,shortexternal
258.38,426.0,256.88,408.0,508.88,396.75,508.13,410.25,Donotdisassemble,heatabove
