532.08,49.58,532.08,85.83,625.83,85.83,625.83,49.58,MIKO
633.33,55.83,633.33,80.83,727.08,80.83,727.08,55.83,镁光美购
417.08,95.83,417.08,129.58,733.33,129.58,733.33,95.83,IPhone6S/6SPlus
158.33,313.33,158.33,333.33,199.58,333.33,199.58,313.33,day,
160.83,335.83,160.83,352.08,194.58,352.08,194.58,335.83,like
149.58,422.5,149.58,436.25,205.83,436.25,205.83,422.5,happy
160.83,401.25,159.58,415.0,198.33,415.0,198.33,402.5,day,
427.08,335.0,427.08,350.0,473.33,350.0,473.33,335.0,hope
427.08,392.5,427.08,410.0,467.08,410.0,467.08,392.5,day,
425.83,415.0,425.83,427.5,464.58,427.5,464.58,415.0,love
622.08,567.5,622.08,592.5,694.58,592.5,694.58,567.5,情侣款
590.83,605.0,590.83,617.5,717.08,617.5,717.08,605.0,DAYHOPEDAYLOVE
589.58,635.0,589.58,647.5,717.08,647.5,717.08,635.0,DAYLIKEDAYHAPPY
427.08,311.25,427.08,330.0,467.08,330.0,465.83,311.25,day,
