51.77,635.36,51.77,671.14,198.59,671.14,198.59,635.36,找不到的
214.02,634.12,214.02,669.29,285.58,669.29,285.58,634.12,找我
299.77,633.51,299.77,670.52,742.1,670.52,742.1,633.51,专业攻克停产紧缺电子配件
427.47,482.84,423.15,495.18,462.02,498.26,462.02,485.92,DUO-B
511.37,484.07,507.67,495.52,545.92,498.26,545.92,489.01,DUO-B
161.58,348.83,161.58,353.15,178.24,353.15,178.24,348.83,###
127.03,364.87,127.03,367.95,139.99,367.95,139.99,364.87,###
229.44,371.65,229.44,378.44,249.18,378.44,249.18,371.65,###
273.24,363.63,273.24,369.19,287.43,369.19,287.43,363.63,###
299.77,377.21,299.77,381.53,311.49,381.53,311.49,377.21,###
323.83,377.21,323.83,380.91,334.93,380.91,334.93,377.21,###
330.0,288.99,330.0,293.92,349.74,293.92,349.74,288.99,###
289.9,290.22,289.9,294.54,308.41,294.54,308.41,290.22,###
294.22,279.12,294.22,285.29,311.49,285.29,311.49,279.12,###
205.38,301.33,205.38,305.64,220.8,305.64,220.8,301.33,###
202.3,308.73,202.3,309.96,217.1,309.96,217.1,308.73,###
233.76,313.66,233.76,319.22,251.65,319.22,251.65,313.66,###
221.42,232.85,221.42,238.4,238.08,238.4,238.08,232.85,###
319.51,201.38,319.51,205.09,333.08,205.09,333.08,201.38,###
381.2,232.23,381.2,242.1,400.94,242.1,400.94,232.23,###
373.18,245.19,373.18,251.35,397.86,251.35,397.86,245.19,###
281.88,192.13,281.88,197.68,303.47,197.68,303.47,192.13,###
277.56,203.23,277.56,207.55,295.45,207.55,295.45,203.23,###
189.34,226.68,189.34,233.46,207.23,233.46,207.23,226.68,###
525.56,214.96,525.56,222.98,760.61,222.98,760.61,214.96,automatingtechnoiogy,withvaiueaddedinnovation
526.18,201.38,526.18,213.11,760.61,213.11,760.61,201.38,Toelevatethelivingenvironment,throughadvabced
526.18,179.17,526.18,195.21,764.93,195.21,764.93,179.17,IndustrialAutomation
189.96,329.84,189.96,354.52,588.49,354.52,588.49,329.84,欢迎咨询洽谈、核实实物图片
85.08,242.86,85.08,284.81,698.92,284.81,698.92,242.86,工业自动化配件一站式采购
13.52,48.04,13.52,111.59,330.0,111.59,330.0,48.04,价格有优惠
367.63,52.36,367.63,112.82,752.59,112.82,752.59,52.36,欢迎咨询购买
198.59,553.03,199.83,560.91,223.27,562.9,223.27,553.03,500
200.44,565.37,200.44,571.54,223.89,571.54,223.89,565.37,###
233.14,549.95,233.14,554.27,245.48,554.27,245.48,549.95,###
232.52,556.73,232.52,562.29,247.95,562.29,247.95,556.73,###
165.28,567.22,165.28,571.54,180.7,571.54,180.7,567.22,###
163.43,574.01,163.43,578.33,181.94,578.33,181.94,574.01,###
120.24,578.33,120.24,584.49,139.99,584.49,139.99,578.33,###
120.24,586.96,120.24,591.28,137.52,591.28,137.52,586.96,###
147.39,521.57,147.39,524.04,158.49,524.04,158.49,521.57,###
146.77,527.74,146.77,530.82,161.58,530.82,161.58,527.74,###
94.95,578.33,94.95,583.26,108.52,583.26,108.52,578.33,###
193.98,220.55,193.98,224.56,207.02,224.56,207.02,220.55,###
