287.69,819.79,288.84,834.72,507.51,754.19,506.44,742.99,zhuangguizpdg.taobao.com
508.57,738.19,511.24,753.66,567.24,731.79,562.44,718.99,盗图必究
278.71,789.39,278.71,814.99,495.77,736.06,493.11,712.59,小铺专柜正品代购
499.33,717.98,501.11,731.79,584.31,700.86,583.77,688.06,100%实物拍摄
594.44,791.52,598.71,812.32,788.78,744.16,782.24,719.43,小铺专柜正品代
602.44,821.39,607.77,836.32,785.87,768.16,787.33,755.07,zhuangguizpdg.taobao
503.24,846.46,503.24,862.46,589.64,862.46,589.64,846.46,ILCE-3000
599.24,846.99,599.24,862.46,637.64,862.46,637.64,846.99,F4.0
650.6,845.98,649.91,862.46,705.37,862.46,704.31,846.46,1/160s
717.11,846.46,717.11,860.86,773.51,861.98,773.51,844.52,IS0125
597.11,582.4,596.57,607.46,786.6,538.26,777.87,513.53,小铺专柜正品代
602.97,614.4,608.84,628.26,790.24,558.62,789.51,545.53,zhuangguizpdg.taobao
596.57,373.86,596.57,400.53,787.33,329.53,780.06,306.98,小铺专柜正品代
277.64,581.27,279.24,606.34,497.37,530.07,492.57,503.94,小铺专柜正品代购
287.24,613.8,287.24,627.67,511.24,545.0,505.15,535.35,zhuanggguizpdg.taobao.com
508.57,531.14,512.84,545.0,567.24,525.27,567.24,509.27,盗图必究
498.44,513.0,502.17,524.74,583.24,494.34,581.11,480.47,100%实物拍摄
602.97,409.54,610.6,420.44,787.33,352.07,782.24,339.71,zhuangguizpdg.taobao
285.64,408.47,289.37,421.27,507.51,339.67,506.44,329.0,zhuangguizpdg.taobao.com
508.57,324.2,511.24,339.14,566.71,317.27,565.11,303.94,盗图必究
273.37,375.94,280.31,399.94,493.64,324.2,490.97,297.0,小铺专柜正品代购
496.84,305.54,498.97,318.87,584.84,289.0,584.84,272.47,100%实物拍摄
0.84,774.99,0.84,797.39,10.44,797.39,10.44,774.99,###
12.57,770.72,23.77,792.06,177.91,734.46,177.37,710.46,###
182.17,718.99,184.31,731.79,268.04,702.46,263.24,687.52,###
0.84,808.06,-0.23,826.19,191.24,752.06,188.57,744.06,###
189.64,740.32,195.51,753.12,250.97,732.32,248.84,716.86,###
-0.23,360.47,-0.23,383.94,10.97,383.94,10.97,360.47,###
14.17,353.54,20.57,377.54,178.44,321.54,176.31,298.6,专柜正品代购
181.11,305.54,182.17,318.87,269.11,286.87,265.91,272.47,100%实物拍摄
0.31,394.6,2.44,412.2,190.17,338.6,188.06,329.37,angguizpdg.taobao.com
192.84,323.14,195.51,339.67,248.84,317.8,243.51,305.54,盗图必究
-0.23,566.93,-0.23,590.93,10.97,590.93,10.97,566.93,###
11.51,561.6,21.64,585.06,178.97,526.93,175.77,504.53,专柜正品代购
180.57,513.6,182.17,525.86,267.51,493.86,264.31,480.53,100实物拍摄
0.84,601.06,0.84,617.6,191.77,545.6,188.04,536.53,anggyuzpdg.taobao.com
191.24,530.13,192.84,546.13,249.91,524.8,247.24,511.46,盗图必究
278.71,167.4,282.97,190.87,495.24,114.07,492.04,91.13,小铺专柜正品代购
498.97,100.2,501.11,111.93,584.31,80.47,582.71,65.53,100%实物拍摄
285.64,201.0,289.91,213.8,509.11,132.2,506.44,119.93,zhuangguizpdg.taobao.com
508.57,115.67,511.24,132.2,566.71,112.47,566.17,97.53,盗图必究
591.77,169.53,598.17,193.0,787.33,126.45,780.78,101.73,小铺专柜正品代
604.57,199.4,605.64,211.67,788.78,146.82,781.51,133.73,zhuangguizpdg,taobao
0.42,203.55,0.42,189.0,188.57,122.6,189.11,132.2,angguizpdg.taobao.com
190.17,117.27,194.97,131.67,247.77,110.87,246.71,97.0,盗图必究
0.31,155.13,0.31,177.0,9.91,177.0,9.91,155.13,###
18.97,172.73,17.91,145.0,177.37,93.8,177.37,115.67,专柜正品代购
180.57,99.67,183.24,113.0,266.44,82.6,267.51,66.07,100%实物拍摄
