210.8,310.4,210.8,323.2,340.4,323.2,340.4,310.4,it'sapcturesquesummet
172.4,296.8,172.4,309.6,381.2,309.6,381.2,296.8,Variousflowerdepartmentscontendforit
185.2,284.0,185.2,296.8,367.6,296.8,367.6,284.0,inmay,asoftawakoningwasstruck
99.6,107.2,99.6,165.6,454.0,165.6,454.0,107.2,环氧乙烷灭菌
149.2,231.2,149.2,268.0,258.0,268.0,258.0,231.2,满2送1
282.8,230.4,282.8,267.2,406.0,267.2,406.0,230.4,1盒包邮
657.2,59.2,657.2,96.8,730.8,96.8,730.8,59.2,独立
660.4,100.8,660.4,136.0,730.0,136.0,730.0,100.8,包装
150.0,423.2,150.0,441.6,183.6,441.6,183.6,423.2,###
182.0,420.0,182.0,429.6,189.2,429.6,189.2,420.0,Ⓡ
87.6,404.8,87.6,444.0,98.0,444.0,98.0,404.8,欧洁
74.0,471.2,74.0,601.6,88.4,601.6,88.4,471.2,医用棉签
263.6,467.2,263.6,518.4,362.0,518.4,362.0,467.2,欧洁
371.6,475.2,371.6,511.2,510.8,511.2,510.8,475.2,环氧乙烷灭菌
254.8,532.0,254.8,552.0,515.6,536.0,513.2,521.6,OYEAHMEDICALCOTTONSWABS
286.0,558.4,286.0,576.8,389.2,571.2,390.8,552.8,环氧乙烷灭菌
394.8,552.0,394.8,568.0,482.8,565.6,479.6,549.6,###
154.8,668.8,154.8,683.2,206.8,683.2,209.2,664.0,独立装
170.8,636.8,170.8,645.6,193.2,645.6,193.2,636.8,朵朵
163.6,647.2,163.6,660.8,201.2,656.8,204.4,644.0,新棉花
309.2,635.2,309.2,643.2,329.2,643.2,329.2,635.2,###
146.0,443.2,146.0,455.2,189.2,455.2,189.2,443.2,OYEAH
305.2,730.4,305.2,740.0,366.8,740.0,366.8,730.4,一次性使用医疗用品
355.6,692.0,355.6,700.8,407.6,700.8,407.6,692.0,环氧乙烷灭菌
414.0,692.8,411.6,702.4,439.6,701.6,439.6,692.0,4支/袋
614.0,730.4,614.0,737.6,629.2,735.2,630.0,728.0,###
352.4,679.2,352.4,688.0,442.8,688.0,444.4,681.6,OYEAHMEDICALCOTTONSWABS
354.8,662.4,354.8,680.8,390.8,680.8,390.8,662.4,欧洁
395.6,665.6,395.6,680.0,445.2,680.0,445.2,665.6,医用棉签
340.4,635.2,340.4,641.6,364.4,641.6,364.4,635.2,###
