15.08,12.96,15.08,42.71,152.5,42.71,152.5,12.96,Banglah
26.42,56.88,26.42,95.13,139.75,95.13,139.75,56.88,帮宝适
403.25,15.8,396.17,105.05,845.25,134.8,846.67,48.38,袋袋纸尿片
17.92,212.71,17.92,259.46,318.25,259.46,318.25,212.71,来自英国的呵护
333.83,216.96,333.83,262.3,581.75,262.3,581.75,224.05,薄柔婴儿纸尿片
588.83,388.38,588.83,416.71,713.5,416.71,710.67,402.55,BALYWqsu
488.25,385.55,488.25,396.88,522.25,396.88,522.25,385.55,###
407.5,439.38,410.33,466.3,488.25,471.96,488.25,450.71,超级金袋
492.5,459.21,492.5,479.05,569.0,479.05,567.58,467.71,强儿纸尿片
567.58,467.71,567.58,459.21,488.25,449.3,488.25,457.8,###
610.08,595.21,610.08,610.8,654.0,610.8,654.0,595.21,###
407.5,467.71,404.67,473.38,573.25,491.8,567.58,484.71,###
407.5,480.46,408.92,486.13,481.17,494.63,478.33,488.96,###
543.5,508.8,542.08,501.71,410.33,490.38,410.33,497.46,###
464.17,510.21,464.17,498.88,407.5,498.88,408.92,505.96,###
513.75,522.96,510.92,514.46,404.67,508.8,408.92,513.05,###
468.42,530.05,468.42,517.3,407.5,517.3,411.75,524.38,###
471.25,532.88,471.25,527.21,407.5,527.21,411.75,528.63,###
459.92,542.8,459.92,537.13,411.75,532.88,411.75,539.96,###
468.42,552.71,468.42,545.63,410.33,545.63,410.33,552.71,###
434.42,627.8,435.83,649.05,703.58,685.88,702.17,664.63,香港帮宝适国际有限公司
697.92,700.05,709.25,691.55,427.33,649.05,433.0,657.55,###
584.58,419.55,584.58,429.46,712.08,435.13,706.42,426.63,###
707.83,443.63,707.83,432.3,580.33,432.3,595.92,437.96,###
748.92,368.55,748.92,413.88,758.83,413.88,758.83,368.55,###
332.42,810.55,332.42,841.71,747.5,841.71,747.5,810.55,江苏心悦卫生用品有限公司
63.25,756.71,63.25,802.05,203.5,802.05,203.5,756.71,纸尿片
369.25,712.8,363.58,756.71,506.67,776.55,502.42,731.21,超柔软
197.83,657.55,180.83,698.63,314.0,746.8,326.75,702.88,超干爽
36.33,566.88,12.25,605.13,139.75,674.55,149.67,630.63,超透气
437.25,595.21,435.83,613.63,462.75,616.46,462.75,595.21,XL
468.42,598.05,475.5,610.8,481.17,609.38,481.17,598.05,24
495.33,613.63,495.33,623.55,468.42,623.55,468.42,613.63,###
71.96,814.25,71.96,844.0,115.88,844.0,115.88,814.25,XL
128.63,814.25,124.38,844.0,203.71,849.67,205.13,814.25,24片
645.71,562.09,645.71,598.92,678.3,598.92,678.3,562.09,+
606.05,501.17,587.63,586.17,666.96,586.17,666.96,494.09,0
518.29,548.83,518.29,562.64,527.85,562.64,527.85,548.83,★
544.85,578.58,544.85,599.83,565.04,599.83,565.04,578.58,★
695.72,615.77,695.72,628.52,706.35,628.52,706.35,615.77,★
660.66,465.95,660.66,474.45,668.1,474.45,668.1,465.95,★
433.34,384.47,433.34,395.28,454.98,395.28,454.21,386.78,9001
436.44,375.97,436.44,386.78,454.21,386.78,454.21,375.97,ISO
435.81,401.25,435.81,408.53,453.41,408.53,453.41,401.25,###
