35.79,669.8,35.79,691.05,118.29,691.05,118.29,669.8,BH-UNITY
143.29,688.55,143.29,711.05,182.04,711.05,182.04,688.55,GZ
193.29,689.8,193.29,709.8,305.79,709.8,305.79,689.8,Bh-Unity
313.29,691.05,313.29,708.55,448.29,708.55,448.29,691.05,Electronic
457.04,689.8,457.04,708.55,604.54,708.55,604.54,689.8,Technology
614.54,686.05,614.54,711.05,723.29,711.05,723.29,686.05,Co.,Ltd.
75.79,551.05,75.79,582.3,329.54,582.3,329.54,551.05,适合工正喷绘机
352.04,548.55,352.04,584.8,705.79,584.8,705.79,548.55,宇宙风写真机二级墨盒
517.04,392.3,517.04,429.8,705.79,429.8,705.79,392.3,BH-UNITY
52.04,311.05,52.04,344.8,510.79,344.8,510.79,311.05,广州百亨联盟数码科技有限公司
174.54,27.3,174.54,71.05,230.79,71.05,232.04,27.3,GZ
260.79,172.3,260.79,198.55,277.04,198.55,277.04,172.3,合
289.54,161.05,289.54,184.8,308.29,184.8,308.29,161.05,格
269.54,39.8,269.54,72.3,349.54,72.3,349.54,39.8,sub
389.54,41.05,389.54,72.3,499.54,72.3,499.54,41.05,tank
588.29,29.8,613.29,66.05,635.79,53.55,617.04,22.3,GZ
637.04,57.3,620.79,69.8,707.04,152.3,724.54,141.05,Eh-Unity
