2.4,501.91,2.4,680.58,47.73,680.58,47.73,501.91,形象代言
1.06,692.58,1.06,789.91,51.73,789.91,51.73,692.58,李湘
62.4,681.91,62.4,777.91,249.06,777.91,254.4,665.91,李湘
323.73,639.25,323.73,671.25,505.06,671.25,505.06,639.25,圣诞领券下单
335.73,504.58,335.73,635.25,470.4,635.25,470.4,504.58,39.
471.73,560.58,471.73,635.25,502.4,635.25,502.4,560.58,8
561.06,544.58,525.06,639.25,495.73,639.25,522.4,537.91,！
470.4,531.25,470.4,564.58,499.73,564.58,499.73,531.25,起
317.06,369.91,317.06,427.25,595.73,427.25,595.73,369.91,有质检报告
357.06,305.91,357.06,360.58,563.73,360.58,563.73,305.91,拒绝生锈
285.06,223.25,285.06,297.91,593.06,297.91,593.06,223.25,冷热龙头
461.06,191.25,461.06,213.91,583.73,213.91,583.73,191.25,全方位自由旋转
471.73,157.91,471.73,189.91,543.73,189.91,543.73,157.91,360°
735.73,677.91,735.73,703.25,778.4,691.69,770.4,671.69,尚动
15.73,88.58,15.73,104.58,31.73,104.58,31.73,88.58,心
37.06,88.58,37.06,104.58,57.06,104.58,57.06,88.58,动
69.06,87.25,69.06,105.91,86.4,105.91,86.4,87.25,行
97.06,88.58,95.73,104.58,114.4,104.58,114.4,91.25,动
10.4,73.91,10.4,87.25,114.4,87.25,114.4,73.91,SHANGDONG
14.4,17.91,14.4,65.91,113.06,65.91,113.06,17.91,尚动
