7.08,724.92,7.08,785.23,508.0,785.23,508.0,724.92,膝部问题一款搞定
535.69,723.08,535.69,784.0,787.38,784.0,787.38,723.08,舒适养护
459.38,564.31,460.0,631.38,612.62,631.38,612.62,563.08,护膝
482.77,462.77,482.77,555.69,575.08,555.69,575.08,462.77,送
578.15,462.77,581.23,483.08,617.54,483.08,617.54,463.38,~
670.46,499.08,669.85,528.0,689.54,525.54,688.92,500.92,竹
693.85,492.92,697.54,524.92,714.77,526.77,708.62,492.92,炭
731.38,475.69,728.31,502.15,748.62,504.0,748.62,476.31,炭
395.38,313.23,393.54,408.62,792.31,407.38,792.31,313.23,关节不适
398.46,165.54,397.85,288.0,789.85,288.0,784.92,166.15,老寒腿
