23.33,760.0,23.33,789.33,179.33,789.33,179.33,760.0,品质保证
196.67,758.67,196.67,792.0,352.67,792.0,352.67,758.67,价格实惠
400.67,734.67,400.67,786.67,586.0,786.67,586.0,734.67,全国包邮
600.67,757.33,600.67,793.33,783.33,793.33,783.33,757.33,10卷一筒装
603.33,717.33,603.33,753.33,784.67,753.33,784.67,717.33,免费开发票
48.67,596.0,48.67,662.67,384.67,662.67,384.67,596.0,一筒10卷装
426.0,601.33,426.0,660.0,750.0,660.0,750.0,601.33,颜色请备注
12.67,114.67,12.67,133.33,102.0,133.33,102.0,114.67,crown
108.67,105.33,108.67,134.67,167.33,134.67,167.33,105.33,皇冠
255.33,81.33,255.33,112.0,499.33,112.0,499.33,81.33,拍一件就是10卷
519.33,76.0,519.33,112.0,795.33,112.0,795.33,76.0,颜色请备注10米长
482.0,10.67,482.0,61.33,792.67,61.33,792.67,10.67,绝缘电工胶布
316.67,16.0,316.67,54.67,463.33,54.67,463.33,16.0,爆款热销
12.67,8.0,12.67,96.0,167.33,96.0,167.33,8.0,3G
41.67,495.33,88.33,536.0,96.33,534.0,49.0,487.33,###
165.0,501.33,225.67,534.67,235.0,532.67,174.33,496.67,###
333.67,503.33,343.67,510.0,285.0,536.67,280.33,528.67,###
423.67,528.67,423.67,516.67,501.0,512.0,501.0,518.67,###
560.33,536.0,560.33,545.33,639.0,545.33,639.0,536.0,###
696.33,524.0,696.33,533.33,782.33,533.33,782.33,524.0,###
590.33,550.0,590.33,558.67,606.33,558.67,606.33,550.0,###
443.0,500.0,443.0,507.33,463.67,507.33,463.67,500.0,###
287.67,499.33,281.67,512.0,296.33,514.67,299.67,502.0,###
212.33,498.0,209.67,510.0,224.33,514.0,227.67,502.67,###
