19.33,68.08,19.33,121.73,199.9,121.73,199.9,68.08,惊爆价
499.9,23.65,493.56,80.77,705.87,81.92,705.29,21.92,CML
74.13,251.54,70.1,264.23,94.9,301.73,98.94,283.27,CML
147.4,303.46,145.67,292.5,340.1,234.23,344.13,246.92,OILHYDRAULICEQUIPMENT
294.52,302.88,296.25,285.58,346.44,269.42,351.06,285.0,CML
333.75,321.92,335.48,312.12,454.9,277.5,453.75,287.31,CAMELPRECISIONCO,.
317.6,357.69,315.87,345.0,357.98,332.31,363.17,343.27,CML
295.67,391.73,292.21,385.96,426.63,345.58,430.1,352.5,WE42-G03-B11B-A240-N
384.52,408.46,383.37,403.27,399.52,398.65,402.98,404.42,###
350.48,433.85,346.44,426.92,446.83,397.5,450.87,402.12,CAMELPRECISIONCO,.LTD
374.13,418.85,370.67,414.23,419.71,398.65,422.02,403.27,###
335.48,529.62,331.44,511.73,465.29,465.58,467.02,484.62,TBPAT
30.87,624.81,30.87,665.77,119.71,665.77,119.71,623.65,正品
30.29,673.85,30.29,717.69,122.6,717.69,122.6,673.85,承诺
180.87,621.92,180.87,666.92,270.87,666.92,270.87,621.92,质量
181.44,673.27,177.98,716.54,270.29,716.54,270.29,674.42,保证
332.6,621.92,332.6,666.35,420.87,666.35,420.87,621.92,支持
327.98,672.69,327.98,717.69,420.87,717.69,420.87,672.69,验货
483.17,619.62,483.17,666.92,572.6,666.92,572.6,619.62,货到
482.6,672.69,482.6,716.54,573.17,716.54,573.17,672.69,付款
631.44,621.35,631.44,665.19,722.6,665.19,722.6,621.35,假一
631.44,672.12,631.44,718.85,723.75,718.85,723.75,672.12,赔十
592.79,482.31,592.79,539.42,701.25,539.42,701.25,482.31,中泰
627.98,450.0,627.98,571.73,666.63,571.73,666.63,450.0,液压
330.29,540.0,331.44,533.65,467.02,485.19,467.02,492.12,###
