595.51,11.79,595.51,94.45,747.51,94.45,747.51,11.79,代写
606.18,117.12,606.18,203.79,759.51,203.79,759.51,117.12,贺卡
264.84,258.45,312.84,318.45,244.84,369.12,188.84,310.45,13
444.84,131.79,514.18,189.12,458.18,247.79,392.84,202.45,14
438.18,242.45,448.84,251.79,439.51,270.45,422.18,258.45,13
272.84,255.79,280.84,263.79,298.18,257.12,291.51,243.79,14
34.18,117.12,-0.49,169.12,44.84,195.79,80.84,161.12,13
11.51,191.79,4.84,202.45,66.18,255.79,67.51,241.12,mylove,
255.51,398.45,246.18,377.12,342.18,330.45,346.18,341.12,Mylife,mylove,
287.51,394.45,284.84,382.45,331.51,357.12,334.18,365.12,mystyle.
524.84,202.45,531.51,211.79,464.84,285.12,444.84,274.45,Mylife,mylove,
532.84,234.45,491.51,278.45,479.51,275.79,522.18,227.79,mystyle.
12.84,630.45,12.84,694.45,299.51,694.45,299.51,630.45,私人定制
8.84,710.45,8.84,777.12,299.51,777.12,299.51,710.45,免费刻字
498.18,571.79,504.84,590.45,431.51,638.45,427.51,625.12,YISEN意森
724.84,398.45,735.51,410.45,684.84,475.79,671.51,462.45,YISEN意森
