329.35,637.29,320.02,727.96,425.35,729.29,425.35,637.29,送
41.35,626.63,42.68,637.29,70.68,639.96,69.35,633.29,###
176.02,606.63,176.02,622.63,208.02,622.63,205.35,615.96,###
309.35,589.29,309.35,602.63,334.68,602.63,334.68,589.29,###
17.35,395.96,26.68,435.96,109.35,433.29,109.35,395.96,支持
113.35,430.63,109.35,333.29,481.35,337.29,466.68,403.96,USB充电
37.35,217.29,37.35,287.96,226.68,286.63,228.02,217.29,小身材
269.35,217.29,269.35,287.96,457.35,286.63,460.02,217.29,大能量
13.35,118.63,13.35,194.63,429.35,194.63,429.35,118.63,护眼LED台灯
17.35,19.96,17.35,85.29,102.68,82.63,102.68,19.96,DP
110.68,17.29,104.02,73.29,212.02,74.63,212.02,17.29,久量
538.68,675.96,536.02,686.63,580.02,695.96,580.02,689.29,###
442.68,575.96,442.68,589.29,465.35,589.29,465.35,575.96,###
