31.07,40.35,31.07,79.08,185.19,79.08,185.19,40.35,SOT23
26.23,107.32,26.23,135.56,669.34,135.56,669.34,107.32,SOIC/DIP/QFP/BGA/PLCC/SOT
690.32,46.8,690.32,79.89,1009.86,79.89,1009.86,46.8,100%ORIGINAL
261.04,363.92,256.2,377.64,278.79,387.32,286.05,373.61,AM
354.64,406.69,349.8,423.63,382.08,436.55,388.53,419.6,1AM
467.61,451.07,457.93,464.79,495.85,480.12,499.08,463.98,1AM
580.58,491.42,573.32,505.94,610.44,522.89,614.47,505.94,1AM
680.64,542.25,676.61,553.55,708.08,567.27,714.53,554.36,1AM
252.97,521.27,252.97,549.51,851.71,549.51,851.71,521.27,YIXUANTAICOMPONENTSCO.,LTD
252.97,563.23,252.97,585.02,646.75,585.02,646.75,563.23,Professionalelectronics/
650.78,562.43,650.78,585.83,848.48,585.83,848.48,562.43,一站式元器件配套
303.81,882.77,303.81,940.87,959.84,940.87,959.84,882.77,深圳市宜轩泰电子有限公司
303.0,949.75,303.0,974.76,963.87,974.76,963.87,949.75,SHENZHENYIXUANTAICOMPONENTSCO.,LTD
