600.44,755.56,600.44,789.33,671.56,789.33,671.56,755.56,整包
756.0,756.44,756.0,790.22,793.33,790.22,793.33,756.44,张
680.44,741.33,680.44,791.11,747.11,791.11,747.11,741.33,80
376.44,704.0,372.89,748.44,679.56,750.22,679.56,704.0,几十款切割尺寸任选
84.0,682.67,84.0,781.33,290.22,781.33,290.22,682.67,包邮
12.0,677.33,12.0,793.78,68.89,793.78,68.89,677.33,单包
653.78,668.44,653.78,680.0,779.11,680.0,779.11,668.44,NEWPATTERN
700.0,622.22,700.0,656.0,772.89,656.0,772.89,622.22,上架
605.78,624.89,605.78,645.33,649.33,645.33,649.33,624.89,2015
605.78,646.22,605.78,684.44,647.56,684.44,647.56,646.22,新
428.89,588.44,428.89,597.33,482.22,597.33,482.22,588.44,全部客户）
409.33,590.22,401.33,598.22,427.11,598.22,427.11,590.22,###
468.0,576.89,447.56,584.89,508.0,585.78,508.0,573.33,###
380.89,65.78,380.89,107.56,784.44,107.56,784.44,65.78,标准光面-A4不干胶
389.78,14.22,389.78,48.89,591.56,48.89,591.56,14.22,210mm×
615.56,12.44,615.56,48.89,780.0,48.89,780.0,12.44,297mm
5.78,149.33,30.67,183.11,173.78,38.22,146.22,10.67,全国包邮
96.44,0.0,2.22,96.0,12.89,120.0,118.67,19.56,A4不干胶
118.67,578.67,120.44,587.56,231.56,589.33,231.56,578.67,A419L01Z00080D01
194.22,553.78,194.22,562.67,220.0,562.67,220.0,553.78,日期：
114.22,552.89,114.22,562.67,182.67,562.67,182.67,552.89,重量：0.92kg
210.22,544.89,210.22,552.89,260.89,552.89,260.89,544.89,（标准1格）
114.22,543.11,114.22,552.89,186.22,552.89,186.22,543.11,规格：210*297
114.22,533.33,114.22,544.0,253.78,544.0,252.89,537.78,商名：A4不干胶分切（光面）
110.67,520.89,113.33,530.67,255.56,535.11,255.56,520.89,CHOCOLAZI-巧乐滋
118.91,468.36,118.91,474.91,255.64,474.91,255.64,468.36,###
118.18,461.82,117.45,468.36,249.82,468.36,252.0,461.82,###
116.73,475.64,116.73,480.73,146.55,480.73,146.55,475.64,###
151.64,474.91,151.64,482.18,257.82,482.18,257.82,474.91,###
118.18,453.09,118.18,461.09,160.36,461.09,160.36,453.09,###
169.09,454.55,169.09,461.09,245.45,461.09,245.45,454.55,###
119.64,442.91,119.64,454.55,235.27,454.55,235.27,442.91,2.选用什么样的胶
236.73,443.64,236.73,454.55,246.91,454.55,246.91,443.64,###
119.64,432.0,119.64,439.27,240.36,439.27,240.36,432.0,###
120.36,424.0,120.36,431.27,233.82,431.27,234.55,426.91,###
120.36,418.18,120.36,425.45,230.91,425.45,230.18,419.64,###
119.64,410.91,119.64,418.18,229.45,418.18,228.73,412.36,###
123.27,400.73,123.27,411.64,221.45,411.64,222.91,402.91,1.为什么厚度薄
120.36,374.55,120.36,392.0,203.27,392.0,203.27,374.55,厚度薄、
191.64,352.73,191.64,362.18,200.36,362.18,200.36,352.73,2
