103.13,677.5,103.13,748.75,169.38,748.75,169.38,677.5,还
208.13,676.25,208.13,745.0,270.63,745.0,270.63,676.25,有
316.88,681.25,316.88,735.0,349.38,735.0,349.38,681.25,6
389.38,677.5,389.38,741.25,455.63,741.25,455.63,677.5,图
494.38,682.5,494.38,742.5,563.13,742.5,564.38,677.5,可
609.38,677.5,606.88,741.25,673.13,745.0,673.13,677.5,选
491.88,543.75,491.88,565.0,590.63,565.0,590.63,543.75,mystyle.
456.88,492.5,456.88,515.0,628.13,515.0,628.13,492.5,Mylife,mylove,
449.38,327.5,449.38,467.5,608.13,467.5,608.13,327.5,14
620.63,326.25,620.63,357.5,654.38,357.5,654.38,326.25,13
114.38,311.25,114.38,457.5,279.38,457.5,279.38,311.25,13
293.13,328.75,293.13,361.25,328.13,361.25,328.13,328.75,14
125.63,487.5,125.63,518.75,304.38,518.75,304.38,487.5,Mylife,mylove,
163.13,545.0,163.13,566.25,265.63,566.25,265.63,545.0,mystyle.
220.63,45.0,220.63,85.0,518.13,85.0,518.13,45.0,来图来字定制
580.63,10.0,555.63,32.5,716.88,127.5,735.63,103.75,买二送一
