177.5,24.04,222.5,120.04,290.0,126.04,290.0,24.04,买
324.5,61.54,324.5,79.54,434.0,79.54,434.0,61.54,一
473.0,18.04,474.5,121.54,578.0,123.04,578.0,16.54,送
620.0,64.54,620.0,81.04,726.5,81.04,726.5,64.54,一
27.5,84.04,54.5,129.04,153.5,76.54,128.0,21.04,佳节
59.0,135.04,87.5,193.54,198.5,136.54,173.0,79.54,首选
158.0,204.04,158.0,216.04,198.5,216.04,194.0,199.54,###
207.5,154.54,207.5,219.04,771.5,219.04,771.5,154.54,按节能静音蹲便水箱
312.5,311.38,312.5,326.38,353.0,318.88,353.0,308.38,黄金牛
522.5,267.88,522.5,555.88,621.5,555.88,621.5,267.88,大容量
651.5,270.88,651.5,558.88,743.0,558.88,743.0,270.88,大冲力
795.5,264.88,797.0,546.88,863.0,554.38,869.0,264.88,厂家直销
794.0,579.88,794.0,867.88,864.5,867.88,864.5,579.88,五年质保
507.5,584.38,507.5,687.88,752.0,687.88,752.0,584.38,35元
546.5,699.88,546.5,782.38,711.5,782.38,711.5,699.88,包邮
390.5,791.38,390.5,881.38,771.5,881.38,771.5,791.38,破损包赔
