390.33,398.0,398.33,409.33,419.67,395.33,413.0,386.0,正品
385.67,409.33,389.67,414.67,407.67,416.67,405.0,413.33,###
424.33,396.67,415.0,415.33,411.67,410.67,419.67,395.33,###
326.33,576.67,329.0,584.0,313.67,592.0,309.67,582.67,Lack
293.67,413.33,297.0,420.67,240.33,455.33,243.0,443.33,###
371.0,496.67,377.0,500.0,308.33,549.33,306.33,545.33,###
333.67,516.0,335.0,521.33,304.33,538.67,303.0,535.33,###
297.0,550.67,297.0,556.67,303.0,556.67,303.0,550.67,###
285.67,534.67,285.67,540.67,293.0,540.67,293.0,534.67,###
274.33,522.0,274.33,526.67,281.67,526.67,281.67,522.0,###
263.0,507.33,263.0,512.0,269.67,512.0,269.67,507.33,###
252.33,491.33,252.33,497.33,259.0,497.33,259.0,491.33,###
397.0,456.0,400.33,460.67,299.67,535.33,295.67,526.67,###
332.33,491.33,338.33,494.0,293.67,524.67,292.33,521.33,###
387.0,444.0,390.33,446.0,288.33,518.0,282.33,513.33,###
283.67,511.33,278.33,507.33,379.0,436.0,383.67,440.67,###
275.67,505.33,272.33,501.33,373.67,428.0,375.0,433.33,###
277.0,495.33,269.0,492.0,329.0,450.0,331.67,454.67,###
268.33,492.0,263.67,486.67,364.33,413.33,368.33,418.0,###
320.33,429.33,327.67,433.33,289.0,461.33,284.33,454.0,注意事项
378.33,381.33,374.33,395.33,379.67,394.0,381.67,381.33,###
384.33,371.33,385.67,378.67,413.67,376.67,413.67,371.33,###
389.67,332.0,399.67,337.33,304.33,406.67,297.67,392.0,多功能真实封装机
481.0,288.0,483.67,295.33,469.67,300.67,467.0,297.33,封口
473.67,304.0,473.67,308.67,491.0,303.33,489.67,297.33,###
515.0,277.33,512.33,284.0,498.33,293.33,488.33,293.33,###
507.0,276.0,496.33,286.67,489.67,282.67,502.33,273.33,###
633.67,289.33,637.67,293.33,607.67,315.33,607.0,305.33,###
597.0,297.33,601.67,302.67,629.0,284.0,627.0,278.0,###
678.33,258.67,681.0,267.33,649.67,283.33,646.33,280.0,###
669.67,249.33,670.33,257.33,640.33,274.67,635.67,270.67,###
716.33,284.0,709.0,298.0,717.67,299.33,725.0,285.33,Lack
583.0,250.67,583.0,259.33,573.67,259.33,573.67,250.67,###
568.33,263.33,567.67,271.33,552.33,274.67,551.67,268.67,###
557.67,254.67,565.0,259.33,546.33,270.0,545.67,262.67,###
582.33,244.0,573.67,256.67,564.33,254.67,575.67,242.67,###
641.0,201.33,644.33,206.67,613.0,220.67,613.67,214.0,###
645.67,210.67,634.33,219.33,625.67,226.0,632.33,214.67,###
20.33,772.67,20.33,788.67,103.67,788.67,103.67,772.67,百信包装
28.33,343.33,16.33,370.67,293.0,370.67,293.0,340.67,一年保修/七天退换
42.33,236.0,19.0,313.33,331.67,314.0,352.33,242.0,全国包邮
82.33,181.33,82.33,206.67,235.67,206.67,235.67,181.33,加宽加热丝
303.0,178.67,303.0,206.0,453.67,206.0,453.67,178.67,无需纹路袋
37.0,38.0,16.33,147.33,637.0,146.67,646.33,35.33,通用平面袋
