300.67,169.33,302.0,186.67,368.67,162.67,370.0,141.33,财神
314.0,140.0,314.0,142.67,318.0,142.67,318.0,140.0,###
375.33,144.0,371.33,161.33,438.0,184.0,436.67,162.67,檀香
295.33,197.33,292.67,292.0,307.33,298.67,307.33,197.33,财源广进达三江
434.0,197.33,434.0,297.33,446.0,297.33,446.0,197.33,生意兴隆通四海
331.33,201.33,360.67,262.67,371.33,249.33,348.67,200.0,恭喜发财
304.67,316.0,304.67,330.67,319.33,330.67,319.33,316.0,###
326.0,317.33,326.0,329.33,431.33,329.33,431.33,317.33,###
318.0,378.67,318.0,397.33,438.0,397.33,438.0,378.67,印度奇楠香
335.33,442.67,335.33,461.33,410.0,461.33,410.0,442.67,清新怡人
318.0,465.33,318.0,485.33,424.67,485.33,424.67,465.33,足12小时
331.33,528.0,326.0,549.33,412.67,549.33,412.67,526.67,薰衣草香
14.0,692.0,2.0,785.33,386.0,785.33,386.0,696.0,一组4盒
442.0,730.67,442.0,785.33,792.67,785.33,792.67,730.67,买就送支架托盘
715.33,432.0,714.0,484.0,762.0,484.0,762.0,432.0,送
700.67,497.33,700.67,534.67,772.67,534.67,772.67,497.33,香盘
602.0,252.0,603.33,288.0,792.67,290.67,792.67,246.67,一组40盘
508.67,189.33,508.67,232.0,790.0,232.0,790.0,189.33,一盘点12小时
556.67,48.0,544.67,145.33,667.33,145.33,667.33,44.0,12
680.67,4.0,674.0,58.67,703.33,58.67,703.33,2.67,小时
683.33,97.33,683.33,122.67,736.67,122.67,736.67,97.33,净化
684.67,124.0,683.33,149.33,738.0,148.0,738.0,122.67,空气
443.33,544.0,444.67,562.67,474.0,557.33,472.67,537.33,恒河
272.67,544.0,272.67,566.67,299.33,566.67,299.33,553.33,恒河
448.67,445.33,448.67,472.0,471.33,472.0,471.33,445.33,恒河
456.67,368.0,456.67,396.0,478.0,396.0,478.0,368.0,恒河
274.0,366.67,274.0,396.0,296.67,396.0,296.67,366.67,恒河
272.67,446.67,272.67,476.0,294.0,476.0,294.0,446.67,恒河
206.0,234.67,202.0,225.33,216.67,217.33,219.33,221.33,###
79.33,304.0,87.33,309.33,106.0,298.67,104.67,288.0,###
