14.7,47.92,12.52,119.8,1026.47,119.8,1026.47,44.65,活动期间,拍下就送剪刀一把.
74.6,185.15,74.6,234.15,310.94,234.15,310.94,185.15,此排是中粗
322.92,172.08,322.92,235.24,597.37,235.24,597.37,172.08,〖半透明〗
600.63,182.97,600.63,233.07,799.94,233.07,799.94,182.97,微夜光款
15.79,536.92,15.79,609.89,356.68,609.89,356.68,536.92,一套300根
377.37,565.24,377.37,662.17,473.21,662.17,473.21,565.24,仅
479.74,571.77,479.74,651.28,612.61,651.28,612.61,571.77,6.6
620.24,573.95,620.24,656.72,716.08,656.72,716.08,573.95,元
768.35,629.49,768.35,681.77,911.15,680.86,911.02,629.49,包邮!
75.69,697.02,75.69,744.94,298.96,744.94,298.96,697.02,此排是中粗
301.13,689.39,301.13,760.19,571.23,760.19,571.23,689.39,〖不透明〗
577.76,704.64,577.76,759.1,778.16,759.1,778.16,704.64,无夜光款
83.32,802.66,83.32,848.4,111.63,848.4,111.63,802.66,1
167.18,788.5,167.18,834.24,195.49,834.24,195.49,788.5,2
251.04,793.95,251.04,836.42,278.26,836.42,278.26,793.95,3
330.54,786.32,330.54,830.98,362.12,830.98,362.12,786.32,4
418.76,799.39,418.76,840.78,444.89,840.78,444.89,799.39,5
503.7,793.95,503.7,838.6,532.02,838.6,532.02,793.95,6
598.46,801.57,598.46,848.4,628.95,848.4,628.95,801.57,7
682.32,790.68,682.32,834.24,708.45,834.24,708.45,790.68,8
775.98,799.39,775.98,840.78,803.2,840.78,803.2,799.39,9
840.23,798.3,840.23,842.96,900.13,842.96,900.13,798.3,10
70.25,866.92,70.25,922.46,122.52,922.46,122.52,866.92,紫
144.3,860.38,144.3,915.93,197.67,915.93,197.67,860.38,黄
231.43,860.38,231.43,913.75,288.06,913.75,288.06,860.38,红
321.83,858.2,318.56,920.28,383.9,920.28,383.9,857.11,绿
404.6,857.11,404.6,918.1,465.59,918.1,465.59,857.11,蓝
492.81,862.56,492.81,921.37,553.8,921.37,553.8,862.56,粉
589.74,864.74,589.74,918.1,647.46,918.1,647.46,864.74,玫
682.32,860.38,682.32,915.93,730.24,915.93,730.24,860.38,白
769.44,863.65,769.44,913.75,822.81,913.75,822.81,863.65,黑
850.04,859.29,850.04,908.3,903.4,908.3,903.4,859.29,桔
14.7,1094.54,14.7,1151.17,1031.91,1151.17,1031.91,1094.54,本店特推出星星管叠玫瑰花专用插画瓶
