195.44,13.91,195.44,33.91,214.1,33.91,214.1,13.91,®
6.1,8.58,8.77,84.58,64.77,84.58,64.77,8.58,Q
66.1,28.58,66.1,63.25,206.1,63.25,206.1,28.58,OSITIYE
66.1,64.58,66.1,87.25,179.44,87.25,179.44,64.58,保实捷
180.77,64.58,180.77,80.58,195.44,80.58,195.44,64.58,®
115.44,143.25,106.1,216.58,702.1,217.91,702.1,143.25,比传统钉子还坚固
111.44,227.25,111.44,261.91,398.1,261.91,398.1,227.25,免玻璃胶枪透明钉
258.1,443.25,251.44,475.25,360.77,491.25,359.44,451.25,百宜贴
360.77,451.25,360.77,469.91,376.77,469.91,376.77,451.25,®
414.1,457.91,416.77,497.91,580.77,513.91,580.77,473.91,透明钉
620.77,469.91,615.44,508.58,647.44,508.58,647.44,469.91,###
647.44,481.91,648.77,497.91,715.44,501.91,715.44,487.25,OSITIYE
648.77,500.58,648.77,516.58,702.1,516.58,702.1,500.58,保实捷
646.1,527.25,644.77,541.91,679.44,540.58,679.44,527.25,容量
471.44,577.91,471.44,608.58,496.77,608.58,496.77,577.91,###
498.1,584.58,498.1,599.25,558.1,595.25,558.1,581.91,OSITIYE
498.1,600.58,498.1,609.91,539.44,607.25,539.44,593.91,保实捷
638.1,541.91,638.1,560.58,666.1,560.58,666.1,541.91,50
667.44,545.91,667.44,564.58,682.1,564.58,682.1,545.91,mL
75.44,623.25,70.1,663.25,200.77,648.58,206.1,611.25,百宜贴
208.77,607.25,208.77,625.91,227.44,625.91,227.44,607.25,®
138.1,683.25,135.44,661.91,362.1,631.25,362.1,652.58,TRANSPARENT
287.44,496.58,287.44,520.58,511.44,548.58,514.1,523.25,TRANSPARENT
519.44,524.58,518.1,551.25,598.1,555.25,586.1,529.91,NAIL
367.44,628.58,367.44,647.25,435.44,644.58,432.77,628.58,NAIL
135.44,683.25,144.77,695.25,266.1,679.25,264.77,667.25,Construction
342.1,657.91,350.1,665.91,264.77,677.91,262.1,664.58,Adhesive
398.1,732.58,398.1,781.91,590.1,781.91,590.1,732.58,强力快干
144.77,696.58,144.77,709.91,204.77,701.91,208.77,687.25,Applicable
207.44,687.25,207.44,696.58,228.77,696.58,228.77,687.25,To
230.1,683.25,230.1,695.25,352.77,679.25,358.1,668.58,###
362.1,665.91,360.77,677.91,515.44,653.91,520.77,643.25,###
603.44,733.91,600.77,775.25,790.1,777.91,790.1,733.91,粘力超强
279.44,599.25,279.44,635.25,440.77,616.58,444.77,583.25,透明钉
395.44,101.91,395.44,135.25,674.1,135.25,674.1,101.91,###
320.77,100.58,320.77,132.58,386.1,132.58,386.1,100.58,TH
208.77,97.91,211.73,134.36,322.1,136.58,322.1,97.91,HEAL
