164.67,21.33,164.67,97.33,771.33,97.33,771.33,21.33,工厂店值得信赖
103.33,130.67,103.33,166.67,283.33,166.67,283.33,130.67,同样的配置
507.33,130.67,507.33,166.67,686.0,166.67,686.0,130.67,更高的保障
306.0,129.33,306.0,164.0,486.0,164.0,486.0,129.33,更低的价格
40.67,244.0,40.67,322.67,356.67,322.67,360.67,234.67,任何轮椅
31.33,340.0,31.33,418.67,356.67,418.67,356.67,340.0,都可以使用
58.0,572.0,58.0,617.33,250.0,617.33,250.0,572.0,下单有礼
68.67,660.0,68.67,718.67,247.33,718.67,247.33,660.0,送工具
315.33,664.0,315.33,645.33,479.33,645.33,479.33,664.0,ANGEL,COME
352.67,616.0,352.67,641.33,447.33,641.33,447.33,616.0,安奇康
258.0,718.67,258.0,774.67,335.33,774.67,335.33,718.67,3D
336.67,706.67,336.67,781.33,548.67,781.33,548.67,706.67,转向枕
578.0,706.67,578.0,782.67,784.67,782.67,784.67,706.67,多用型
