14.67,81.07,14.67,94.93,109.07,94.93,109.07,81.07,DUOQUAN
129.87,22.4,129.87,62.93,632.8,62.93,632.8,22.4,广州铎泉环保科技有限公司
127.2,77.87,127.2,93.87,631.2,93.87,631.2,77.87,GuangzhouEnvironmentalProtectionTechnologyCo.,.
303.73,322.13,303.73,331.73,425.87,334.4,426.4,324.27,铎泉环保清洗剂系列
69.07,385.07,70.67,394.67,180.0,390.93,178.93,381.87,铎泉环保清洗剂系列
520.27,404.27,519.2,413.87,568.8,419.2,568.8,409.6,铎泉环保
570.4,418.67,574.67,409.07,617.33,398.4,618.4,409.6,清洗剂系列
386.4,363.2,386.4,368.53,410.93,368.53,410.93,363.2,###
249.33,341.33,252.0,347.2,304.27,349.33,303.73,344.0,###
252.0,331.2,252.53,334.4,277.07,336.0,277.07,331.2,###
314.93,345.07,314.93,350.4,431.73,350.4,431.73,345.07,###
489.87,396.27,490.4,398.93,502.67,408.53,504.27,404.27,###
491.47,405.33,490.93,409.6,519.73,424.53,521.33,420.27,###
528.27,424.53,526.13,429.87,567.2,432.53,565.6,430.4,###
570.93,432.53,574.67,427.73,615.2,416.0,615.73,420.27,###
491.47,421.87,492.0,426.13,516.0,439.47,514.4,434.13,###
501.07,441.6,500.0,445.33,526.67,455.47,528.27,452.27,###
529.87,452.8,530.4,457.07,552.8,461.33,552.27,457.07,###
582.13,447.47,581.6,444.27,605.6,438.4,606.67,441.07,###
579.47,465.07,580.53,460.8,590.67,458.13,592.27,461.87,###
578.93,469.87,578.93,467.2,590.13,465.07,589.07,467.2,###
577.87,476.8,579.47,471.47,604.53,463.47,603.47,468.27,###
500.53,448.0,501.6,453.33,551.73,468.27,555.47,465.07,###
502.67,470.4,498.4,473.6,533.6,488.53,533.6,484.27,###
535.73,484.27,535.73,490.13,566.13,490.13,564.53,486.93,###
249.87,360.0,250.4,365.33,304.27,368.0,302.67,363.2,###
254.13,354.67,254.13,359.47,294.67,359.47,294.67,354.67,###
279.2,377.07,279.2,381.33,343.73,381.33,343.73,377.07,###
277.6,383.47,278.13,387.2,344.8,388.27,344.8,383.47,###
370.93,386.13,370.93,389.33,385.87,389.33,385.87,386.13,###
370.4,391.47,370.4,395.2,384.27,395.2,384.27,391.47,###
386.4,390.93,386.4,394.67,416.8,394.67,416.8,390.93,###
388.0,396.27,388.0,401.07,406.13,401.07,406.13,396.27,###
370.93,398.4,370.93,401.07,384.27,401.07,384.27,398.4,###
283.47,410.67,283.47,414.93,357.07,414.93,357.07,410.67,###
369.87,411.2,369.87,414.4,422.13,414.4,422.13,411.2,###
369.87,416.0,369.87,417.6,422.13,417.6,422.13,416.0,###
369.87,419.73,369.87,421.87,422.13,421.87,422.13,419.73,###
368.8,422.93,368.8,425.6,402.4,425.6,402.4,422.93,###
288.8,415.47,288.8,419.2,347.47,419.2,347.47,415.47,###
290.4,419.73,291.47,422.4,344.27,422.93,344.27,419.73,###
290.4,423.47,290.4,426.13,327.73,426.13,327.73,423.47,###
28.0,422.4,28.0,425.6,66.93,425.6,66.93,422.4,###
27.47,404.27,27.47,409.07,70.67,409.07,70.67,404.27,###
26.93,394.67,26.93,398.4,46.67,398.4,46.67,394.67,###
134.67,441.6,134.67,444.27,148.0,444.27,148.0,441.6,###
77.6,435.73,77.6,440.53,110.67,440.53,110.67,435.73,###
80.8,441.07,80.8,445.33,112.27,445.33,112.27,441.07,###
47.2,467.2,47.2,470.93,125.07,470.93,125.07,467.2,###
135.73,445.87,135.73,448.0,149.07,448.0,149.07,445.87,###
134.67,451.2,134.67,454.93,148.0,454.93,148.0,451.2,###
151.73,448.0,151.73,452.27,166.67,452.27,166.67,448.0,###
60.0,474.13,60.0,476.27,113.33,476.27,113.33,474.13,###
62.13,476.8,62.13,478.93,112.8,478.93,112.8,476.8,###
64.27,480.53,64.27,482.67,97.33,482.67,97.33,480.53,###
134.67,466.13,134.67,468.8,148.53,468.8,148.53,466.13,###
137.33,418.13,137.33,422.4,167.2,422.4,167.2,418.13,###
231.73,460.27,231.73,492.27,426.93,492.27,426.93,460.27,净重：30KG
151.2,467.73,152.27,464.0,180.53,459.2,180.0,461.87,###
135.2,472.53,137.87,469.33,184.27,460.8,182.13,465.07,###
144.27,474.67,146.93,470.93,182.67,466.67,181.07,468.27,###
135.73,475.73,135.73,479.47,166.13,474.67,167.2,472.0,###
508.53,480.0,510.67,481.6,533.6,491.73,534.13,489.6,###
536.27,492.8,536.27,490.67,558.67,490.67,558.67,492.8,###
550.67,496.53,550.67,492.8,535.2,492.8,537.33,494.4,###
507.47,482.67,509.6,485.33,527.73,492.27,528.8,490.13,###
513.33,488.0,515.47,490.13,536.8,498.13,537.87,496.53,###
577.33,486.93,579.47,483.2,586.93,482.13,585.33,484.27,###
9.87,575.47,9.87,622.93,623.73,622.93,623.73,575.47,销售热线：13728451417
256.8,395.73,256.8,401.07,270.67,401.07,270.67,395.73,###
53.6,436.8,53.6,439.47,78.67,439.47,78.67,436.8,###
55.73,442.13,55.73,444.8,78.67,444.8,78.67,442.13,###
81.87,412.27,85.6,406.93,185.33,400.53,185.33,405.33,###
