497.2,688.29,497.2,762.29,521.87,762.29,521.87,688.29,促销价
541.87,676.96,541.87,771.62,725.2,771.62,722.53,672.29,16.8
737.2,677.62,736.53,772.96,783.87,772.29,780.53,674.96,元起
257.2,727.62,257.2,768.96,383.2,768.96,383.2,727.62,开增票
278.53,678.29,278.53,716.96,361.2,716.96,361.2,678.29,免费
138.53,627.62,138.53,674.96,189.2,674.96,189.2,630.29,送
90.53,521.62,90.53,553.62,100.53,553.62,100.53,521.62,A4
436.53,524.29,436.53,556.96,445.87,552.96,445.2,524.29,A4
87.2,470.96,89.2,486.96,98.53,488.96,98.53,470.96,70
437.87,474.29,437.87,499.62,445.2,498.96,445.2,474.29,500
91.88,427.68,91.88,449.39,100.46,449.39,100.46,427.68,500
91.88,332.76,91.88,406.47,101.03,406.47,101.03,332.76,静电复印纸
86.17,333.9,86.74,408.18,91.88,407.04,91.88,334.47,copypaper
431.31,395.61,432.46,467.61,438.74,467.61,438.74,395.61,copypaper
440.46,394.47,440.46,469.33,446.74,469.33,446.74,394.47,静电复印纸
89.03,263.61,89.03,300.18,101.6,300.18,101.6,263.61,UMI
143.31,272.18,143.31,280.18,175.31,280.18,175.31,272.18,悠米办公
141.6,251.61,141.6,271.61,178.17,271.61,178.17,251.61,UMI
436.46,274.47,436.46,309.9,445.03,309.9,445.03,274.47,UMI
493.03,271.61,493.03,281.33,524.46,281.33,524.46,271.61,悠米办公
492.46,252.76,492.46,272.76,527.31,272.76,527.31,252.76,UMI
244.46,294.47,244.46,325.9,257.6,325.9,257.6,294.47,燕雀
269.6,296.76,269.6,327.04,282.74,325.33,282.17,296.76,安知
290.74,297.9,290.74,328.76,305.6,328.76,305.6,297.9,鸿鹄
316.46,297.33,316.46,329.9,329.03,329.9,329.03,297.33,之志
339.88,300.18,339.88,331.61,351.31,327.04,353.03,300.18,哉？
593.03,283.04,593.03,331.61,606.74,331.61,604.46,285.9,已是悬
618.17,283.61,618.17,330.47,630.74,330.47,627.88,284.76,崖百丈
640.46,285.9,640.46,335.04,653.03,335.04,653.03,285.9,冰，犹
661.6,288.18,664.46,329.9,676.46,332.76,676.46,289.9,有花枝
686.17,288.18,685.03,318.47,699.31,318.47,699.31,286.47,俏。
193.03,152.5,193.03,214.79,642.74,214.79,640.46,146.79,买5送便利贴+笔
207.31,47.93,205.03,134.79,613.03,138.22,611.88,43.36,买1送笔
38.74,70.79,38.74,93.64,131.88,93.64,131.88,70.79,悠米办公
31.31,17.07,31.31,67.36,141.6,67.36,141.6,17.07,UMI
140.46,8.5,140.46,21.07,153.6,21.07,153.6,8.5,®
