41.06,35.25,41.06,133.91,137.06,133.91,137.06,35.25,买
554.4,35.25,554.4,137.91,665.06,137.91,651.73,27.25,送
675.73,29.91,675.73,135.25,775.73,135.25,775.73,29.91,七
618.4,635.25,618.4,665.91,707.73,665.91,707.73,635.25,充电器
619.73,311.25,619.73,337.91,710.4,337.91,710.4,311.25,飞机原装
619.73,345.91,619.73,372.58,763.73,372.58,763.73,345.91,USB数据线
618.4,375.25,618.4,399.25,731.73,399.25,731.73,375.25,螺丝刀一把
569.06,196.58,569.06,248.58,622.4,248.58,622.4,196.58,送
571.73,493.91,571.73,545.91,623.73,545.91,623.73,493.91,送
215.73,635.25,215.73,660.58,305.06,660.58,305.06,635.25,飞机原装
214.4,664.58,214.4,695.25,370.4,695.25,370.4,664.58,风叶AB配件
214.4,701.91,214.4,733.91,273.06,733.91,273.06,701.91,尾翼
183.73,492.58,183.73,548.58,235.73,548.58,235.73,492.58,送
209.06,328.58,209.06,353.91,294.4,353.91,294.4,328.58,价值5元
211.73,359.25,211.73,388.58,357.06,388.58,357.06,359.25,遥控器电池
185.06,193.91,185.06,244.58,234.4,244.58,234.4,193.91,送
181.15,343.6,179.38,394.26,191.82,393.37,193.06,337.91,华太电池
147.38,344.48,147.38,393.37,158.04,393.37,162.4,337.91,华太电池
114.49,341.82,114.49,391.6,127.73,393.91,127.73,340.58,华太电池
68.27,319.6,70.04,371.15,81.06,372.58,81.06,315.25,华太电池
170.49,341.82,170.49,373.82,178.49,373.82,178.49,341.82,###
137.6,341.82,137.6,372.93,143.82,372.93,143.82,341.82,###
104.71,340.04,105.6,373.82,111.82,374.71,111.82,340.04,###
59.38,317.82,59.38,350.71,65.6,350.71,65.6,317.82,###
166.93,339.15,166.93,388.04,170.49,388.04,170.49,339.15,###
98.49,339.15,98.49,389.82,107.38,389.82,107.38,339.15,###
86.93,317.82,86.93,364.93,93.15,364.93,93.15,317.82,###
54.93,318.71,54.93,364.93,59.38,364.93,59.38,318.71,###
48.71,317.82,48.71,380.93,54.04,380.93,54.04,317.82,###
92.27,341.82,94.93,402.26,100.27,403.15,100.27,341.82,###
131.38,339.15,134.04,384.48,137.6,388.04,137.6,339.15,###
126.93,340.04,126.93,399.6,131.38,399.6,131.38,340.04,###
172.27,394.26,172.27,408.48,178.49,408.48,178.49,394.26,###
139.38,391.6,139.38,409.37,143.82,409.37,143.82,391.6,###
104.71,394.26,104.71,407.6,111.82,407.6,111.82,394.26,###
57.6,370.26,61.15,383.6,67.38,385.37,67.38,370.26,###
138.49,576.48,138.49,587.15,151.82,587.15,151.82,576.48,###
152.71,588.93,150.04,623.6,157.15,622.71,157.15,588.93,###
142.93,588.93,140.27,660.04,144.71,664.48,149.15,588.93,###
142.93,588.93,138.49,678.71,130.49,678.71,137.6,592.48,###
84.27,677.82,84.27,684.04,92.27,684.04,92.27,677.82,###
83.38,690.26,83.38,697.37,94.04,697.37,94.04,690.26,###
74.49,633.37,74.49,675.15,81.6,675.15,81.6,633.37,###
75.38,682.26,75.38,700.93,81.6,700.93,81.6,682.26,###
68.27,620.93,68.27,702.71,76.27,702.71,76.27,620.93,###
69.15,705.37,69.15,717.82,81.6,717.82,81.6,705.37,###
317.15,99.15,317.15,107.15,345.6,100.93,349.15,90.26,###
