268.69,513.27,269.32,552.6,555.46,552.6,555.46,512.0,奶牛彩色识别带
7.93,503.75,8.57,544.99,233.16,544.99,232.52,503.75,10条起包邮
345.46,441.57,345.46,451.72,400.65,451.72,400.65,441.57,shopping！
308.14,442.12,308.02,451.72,342.28,452.99,342.28,444.11,happy
327.71,422.13,327.71,421.32,328.94,421.32,328.94,422.13,###
308.14,432.74,308.14,441.71,428.86,441.71,428.86,432.74,Wetcometomyshop,
432.94,430.7,432.94,440.89,499.83,440.89,499.83,430.7,Iwishyoua
463.12,410.71,463.12,426.62,527.97,425.8,527.97,411.53,盗图必究
389.3,411.12,389.3,427.43,453.74,427.43,453.74,411.12,实物拍摄
317.52,410.71,317.52,427.43,372.17,427.03,371.76,410.3,100%
324.04,393.17,324.86,405.41,516.96,406.63,516.96,393.17,http://www.leyangqixie.com
521.04,391.13,521.85,359.32,319.96,359.32,320.37,391.13,乐阳养殖器械
190.67,62.4,192.14,94.21,549.59,63.22,547.55,33.44,五色可选随意弯曲不变形
