577.79,779.53,577.79,793.75,759.12,793.75,759.12,779.53,打造淘宝名片第一品牌
577.79,735.08,577.79,775.97,757.34,775.97,757.34,735.08,LOKAN
46.23,588.42,30.23,750.19,757.34,733.31,755.57,573.31,名片设计不要钱
121.79,487.08,121.79,510.19,319.12,508.42,316.45,487.08,WWW.SEjihao.com
122.68,455.97,122.68,475.53,255.12,475.53,255.12,455.97,1183198673
384.9,447.08,384.9,459.53,406.23,459.53,406.23,447.08,天猫
123.57,424.86,123.57,444.42,281.79,444.42,281.79,424.86,17775811862
122.68,393.75,122.68,414.19,310.23,414.19,310.23,393.75,0755-85102618
122.68,362.64,122.68,386.64,477.34,383.97,474.68,362.64,A686,Longhuabuilding,BaiGERoad.
88.01,296.86,88.01,331.53,246.23,331.53,246.23,296.86,Maleonm
256.9,316.42,256.9,332.42,330.68,332.42,325.34,318.19,chaiman
116.45,198.44,116.45,269.55,354.68,269.55,354.68,198.44,半永久定妆
81.79,153.1,85.34,216.21,134.23,217.99,134.23,153.1,韩
168.9,159.33,168.01,190.44,133.34,190.44,133.34,159.33,式
223.12,171.77,223.12,206.44,166.23,206.44,174.63,175.59,绣
230.23,161.99,224.9,198.44,305.79,198.44,305.79,160.21,出你的美
428.63,6.59,428.63,85.59,736.63,85.59,736.63,6.59,五折包邮
