320.8,77.88,320.8,143.88,1122.8,143.88,1122.8,77.88,深圳市龙源达微电子有限公司
326.8,162.88,326.8,191.88,1126.8,191.88,1126.8,162.88,SHENZHNLONGYUANDAWEIELECTRONICSCO.,LTD
2.8,272.1,2.8,326.1,242.8,326.1,242.8,272.1,龙源达微
602.8,518.1,602.8,543.1,772.8,541.99,772.8,520.99,MagnaChlp°
606.8,553.1,606.8,579.1,752.8,579.1,752.8,553.1,60T65PES
611.8,586.1,611.8,613.1,774.8,613.1,774.8,586.1,IK5490BGE
405.8,689.21,405.8,746.21,732.8,746.21,732.8,689.21,龙源达微电子
416.8,767.32,416.8,806.32,725.8,806.32,725.8,767.32,0755-23959465
1015.8,810.32,1015.8,852.32,1165.8,852.32,1165.8,810.32,专业配单
1017.8,910.32,1017.8,948.32,1165.8,948.32,1165.8,910.32,诚信经营
1020.8,1014.32,1020.8,1054.32,1166.8,1054.32,1166.8,1014.32,大量现货
674.8,1020.32,674.8,1054.32,948.8,1054.32,948.8,1020.32,0755-23959465
490.8,1018.32,490.8,1054.32,658.8,1054.32,658.8,1018.32,咨询电话：
6.8,1039.32,6.8,1068.32,110.8,1068.32,110.8,1039.32,实物拍摄
114.8,1040.32,114.8,1069.32,216.8,1069.32,216.8,1040.32,盗图必究
