46.18,117.12,46.18,149.12,100.84,149.12,100.84,117.12,环美
20.84,150.45,20.84,169.12,119.51,169.12,119.51,150.45,HUANMEI
164.84,14.45,163.37,56.97,771.51,58.45,767.51,10.45,A4加厚钢制可切0.2mm铁皮
164.84,69.12,164.84,114.45,784.84,114.45,784.84,69.12,白色升级版可切长度320MM
97.91,2.79,97.91,23.16,119.73,23.16,119.73,2.79,®
146.64,172.25,145.91,180.97,213.55,176.61,210.64,165.7,PAPEE
177.91,531.16,177.19,552.97,156.82,555.16,151.73,534.79,IV
451.37,599.52,447.01,673.7,522.64,676.61,522.64,599.52,送
287.73,715.16,287.73,779.16,789.55,779.16,789.55,715.16,环美牌原工厂正品
15.73,686.07,28.82,785.7,226.64,786.43,226.64,680.97,包邮
411.37,288.25,414.28,293.34,497.91,286.07,495.01,280.25,###
390.28,287.52,389.55,294.07,407.01,294.07,407.01,286.79,B7
451.37,340.61,453.55,345.7,392.46,352.25,391.73,346.43,###
319.73,384.97,319.73,391.52,337.91,391.52,337.91,384.25,A5
295.01,451.16,290.64,446.07,379.37,436.61,385.19,440.97,###
266.64,447.52,270.28,455.52,288.46,454.79,288.46,446.79,B5
233.91,515.88,232.46,506.43,350.28,491.88,352.46,500.61,A4(210mm×297mm)
431.73,373.34,431.73,381.34,404.1,381.34,406.28,375.52,###
148.82,530.43,148.82,535.52,159.01,535.52,159.01,530.43,###
145.19,517.34,145.19,522.43,153.91,522.43,153.91,517.34,###
