43.53,57.53,51.4,77.88,87.9,77.38,88.86,57.53,WE
164.86,37.53,172.9,87.38,682.2,90.87,682.2,37.53,普瑞达电气有限公司
244.86,102.87,246.9,124.38,579.53,124.2,579.53,102.87,BestElectricCo,Ltd.
14.2,118.87,22.9,132.88,154.2,133.53,154.2,118.87,WittyElectric
144.34,77.61,142.2,96.2,199.53,96.2,199.53,74.87,E35K
151.53,282.87,159.53,302.87,191.53,297.53,187.53,278.87,###
360.4,133.66,355.4,141.16,435.53,146.87,436.86,138.87,###
230.9,387.83,230.9,395.33,254.2,396.2,254.4,388.49,TYPE
263.4,379.33,264.4,396.33,392.86,396.2,392.86,378.87,E3JK-R4M1
400.86,386.87,399.53,401.53,427.53,401.53,427.53,386.87,2m
461.9,401.33,461.4,412.33,480.9,413.83,481.9,405.33,Ro
448.86,434.87,448.86,450.87,463.53,450.87,463.53,429.53,C
467.53,428.2,467.53,449.53,484.86,449.53,484.86,428.2,E
233.9,398.49,235.9,405.83,315.4,405.83,318.2,397.53,PROXIMITYSWITCH
231.53,412.2,233.4,418.99,267.9,418.49,268.4,410.49,VOLTS.
281.9,406.83,281.4,415.83,377.4,415.33,376.9,404.83,24to240AC
280.86,420.2,280.86,433.53,383.53,433.53,383.53,420.2,12to240VDC
276.4,439.33,276.4,446.33,316.4,447.33,313.9,435.83,LOTNo.
315.53,432.2,318.2,448.2,383.53,448.2,383.53,436.2,01020M
236.4,476.83,236.86,485.53,338.4,481.33,339.4,474.33,4548583432703
71.53,550.87,71.53,588.2,228.86,588.2,228.86,550.87,正品保障
72.86,616.2,72.86,653.53,226.2,653.53,226.2,616.2,质保一年
75.53,681.53,75.53,714.87,227.53,714.87,227.53,681.53,七天退换
4.86,753.53,4.86,788.2,176.86,788.2,176.86,753.53,销售热线
178.2,746.87,178.2,788.2,490.2,788.2,490.2,746.87,15821258935
515.53,752.2,515.53,788.2,786.9,789.83,789.4,751.33,您放心的供应商
514.4,579.83,511.53,600.2,596.86,600.2,596.86,580.2,保证正品
610.2,580.2,610.2,600.2,694.2,600.2,694.2,580.2,终身保修
520.86,533.53,507.53,513.53,582.2,494.87,583.53,520.2,普瑞达
588.86,493.53,588.86,520.2,652.86,520.2,652.86,493.53,电气自
662.2,504.2,655.53,524.2,702.2,545.53,711.53,520.2,动化
528.86,532.2,528.86,546.87,598.2,546.87,598.2,532.2,实物拍摄
604.86,545.53,604.86,532.2,675.53,532.2,675.53,545.53,盗图必究
483.53,550.87,483.53,572.2,524.86,572.2,524.86,550.87,shop
528.9,568.83,524.86,552.2,623.53,552.2,622.4,569.33,527486907.
723.4,569.83,720.9,552.83,623.9,553.83,622.4,570.33,taobao.com
412.97,244.35,415.49,251.93,461.39,253.19,464.76,244.77,###
452.86,220.2,452.86,234.87,466.2,234.87,466.2,220.2,###
392.4,408.99,392.4,415.99,413.4,415.99,413.4,408.99,QTY.
413.9,412.49,413.9,421.49,417.9,421.49,417.9,412.49,1
152.34,152.56,153.18,159.71,178.44,158.03,178.44,152.56,充电开关
155.28,170.24,155.28,174.87,201.18,173.61,201.6,167.71,###
157.39,176.98,157.39,182.87,195.7,182.87,195.7,176.98,###
151.07,188.77,151.07,194.24,196.55,194.24,196.55,188.77,###
152.34,197.19,152.34,201.4,194.02,201.4,195.7,196.77,###
152.34,203.93,152.34,209.4,194.86,206.87,194.44,203.08,###
154.02,211.5,154.02,215.29,194.02,215.29,193.18,211.08,###
154.02,218.66,154.02,222.87,193.18,222.45,194.02,217.82,###
153.18,224.98,153.18,230.03,192.76,230.03,192.76,224.98,###
154.86,128.14,154.86,132.77,204.55,132.77,203.7,125.19,###
157.81,118.87,155.28,125.19,245.39,122.24,243.7,116.35,###
146.86,111.29,148.55,116.35,234.02,113.82,234.86,107.93,###
148.55,101.61,148.55,108.35,186.02,108.35,186.02,101.61,###
151.07,135.29,151.07,141.61,240.76,138.66,241.18,131.5,###
151.07,143.29,151.07,150.03,197.39,150.03,197.39,143.29,###
170.86,264.0,170.86,271.15,180.55,271.15,180.55,264.0,10
139.7,248.84,140.13,257.26,191.07,251.79,188.55,241.68,###
398.23,253.19,398.23,261.61,436.55,263.29,439.07,256.14,###
