21.58,3.11,27.81,101.11,699.03,101.11,668.69,3.89,全新TCL电源板
308.19,147.39,308.19,155.17,328.42,155.17,328.42,147.39,FLOW
210.58,131.44,210.58,136.5,214.47,136.5,214.47,131.44,###
215.64,140.39,215.64,145.44,221.47,145.44,221.47,140.39,###
223.81,155.94,223.81,158.67,232.36,158.67,232.36,155.94,###
293.42,133.0,293.42,136.5,295.36,136.5,295.36,133.0,###
368.47,132.22,368.47,135.72,372.75,135.72,372.75,132.22,###
331.14,132.61,331.14,135.72,333.86,135.72,333.86,132.61,###
408.14,129.89,408.14,134.56,411.25,134.56,411.25,129.89,###
402.69,148.17,402.69,152.83,406.97,152.83,406.97,148.17,###
365.75,168.39,365.75,172.67,370.81,172.67,370.81,168.39,###
10.31,633.11,10.31,698.83,149.92,698.83,149.92,633.11,型号：
196.58,639.33,190.36,696.89,690.08,697.67,681.92,638.17,40-L4202C-PWI1XG
109.86,373.72,114.53,421.17,606.47,426.61,620.47,371.0,认准KKK用心服务
509.25,146.22,509.25,149.33,515.86,149.33,515.86,146.22,###
484.75,129.11,484.75,135.33,487.47,135.33,487.47,129.11,###
603.75,130.28,603.75,134.94,606.08,134.94,606.08,130.28,###
637.58,130.28,637.58,133.39,641.08,133.39,641.08,130.28,###
664.03,149.33,664.03,152.83,667.14,152.83,667.14,149.33,###
664.42,180.44,664.42,183.94,668.31,183.94,668.31,180.44,###
664.03,215.06,664.03,218.56,668.31,218.56,668.31,215.06,###
629.42,310.33,629.03,314.22,676.86,312.67,675.31,310.33,###
629.03,304.11,628.64,307.61,675.31,308.39,674.14,304.11,###
682.31,303.33,682.31,309.56,688.53,309.56,688.53,303.33,###
600.64,344.17,600.64,349.22,621.64,349.22,621.64,344.17,###
620.86,484.56,622.42,489.61,675.69,487.28,679.19,482.61,###
620.47,477.17,620.47,483.0,679.58,483.0,679.58,477.17,###
663.25,536.67,663.25,540.94,666.75,540.94,666.75,536.67,###
217.58,557.28,217.58,563.5,221.47,563.5,221.47,557.28,###
210.58,491.94,210.58,495.06,217.19,495.06,217.19,491.94,###
197.75,488.06,197.75,493.89,200.86,493.89,200.86,488.06,###
266.58,490.78,266.58,494.67,281.36,494.67,281.36,490.78,###
300.03,470.56,300.03,474.44,308.97,474.44,308.97,470.56,###
312.86,474.83,312.86,478.33,316.36,478.33,316.36,474.83,###
317.92,470.94,317.92,474.06,322.19,474.06,322.19,470.94,###
455.97,445.28,455.97,456.56,476.19,456.56,476.19,445.28,CQC
465.31,470.17,465.31,473.67,473.86,473.67,473.86,470.17,###
447.42,433.22,447.42,436.72,476.19,436.72,476.19,433.22,###
454.03,428.17,454.03,430.89,471.14,430.89,471.14,428.17,###
38.31,465.89,38.31,469.39,42.19,469.39,42.19,465.89,###
40.25,425.83,40.25,431.67,43.36,431.67,43.36,425.83,###
39.86,391.61,39.86,397.06,43.36,397.06,43.36,391.61,###
54.25,396.67,54.25,399.39,60.86,399.39,60.86,396.67,###
53.08,405.61,53.08,409.11,59.31,409.11,59.31,405.61,###
53.86,416.11,53.86,418.06,63.19,418.06,63.19,416.11,###
53.08,424.67,53.08,427.78,60.08,427.78,60.08,424.67,###
53.47,434.78,53.47,437.5,61.25,437.5,61.25,434.78,###
54.25,443.33,54.25,446.06,60.47,446.06,60.47,443.33,###
53.86,454.22,53.86,455.78,63.97,455.78,63.97,454.22,###
53.47,462.39,53.47,464.72,62.42,464.72,62.42,462.39,###
53.08,472.5,53.08,475.22,62.42,475.22,62.42,472.5,###
94.31,436.72,94.31,440.22,123.86,440.22,123.86,436.72,###
94.31,445.67,94.31,448.39,124.25,448.39,124.25,445.67,###
267.36,331.72,270.08,337.94,282.14,338.33,282.14,331.72,###
179.08,303.33,168.97,357.78,538.81,355.83,538.81,303.33,昊天液晶配件
204.36,459.67,204.36,464.33,208.25,464.33,208.25,459.67,###
271.64,448.0,271.64,453.06,276.31,453.06,276.31,448.0,###
272.81,438.28,272.81,442.94,278.64,442.94,278.64,438.28,###
295.36,458.11,295.36,461.22,301.19,461.22,301.19,458.11,###
308.58,444.11,308.58,449.94,311.69,449.94,311.69,444.11,###
212.92,592.67,212.92,598.5,219.53,598.5,219.53,592.67,###
216.42,567.39,216.42,591.11,220.31,591.11,220.31,567.39,###
212.92,573.61,212.92,589.94,216.03,589.94,216.03,573.61,###
601.42,575.17,601.42,587.22,623.19,587.22,623.19,575.17,###
444.31,404.83,444.31,416.5,474.25,416.5,474.25,404.83,###
52.31,385.78,52.31,390.44,75.25,390.44,75.25,385.78,###
88.86,372.94,88.86,376.83,102.86,376.83,102.86,372.94,###
91.19,386.56,91.19,393.17,102.08,393.17,99.75,387.72,###
104.81,343.78,104.81,351.94,111.42,351.94,111.42,343.78,###
118.81,357.39,118.81,363.22,123.86,363.22,123.86,357.39,###
90.81,337.56,90.81,341.44,96.25,341.44,96.25,337.56,###
94.69,196.39,95.47,201.44,107.92,204.17,111.03,197.94,###
83.81,205.72,85.75,222.44,93.92,223.61,84.97,204.17,###
90.81,224.39,90.81,227.89,96.64,227.89,96.64,224.39,###
70.58,250.83,70.58,256.67,83.03,256.67,83.03,250.83,###
58.92,232.17,58.92,247.33,63.58,247.33,63.58,232.17,###
44.92,168.39,40.64,171.11,53.08,176.94,53.47,170.33,###
35.19,195.22,35.97,199.89,51.92,201.83,47.25,195.22,###
114.92,134.56,114.92,147.0,119.58,147.0,119.58,134.56,###
94.31,185.11,94.31,190.17,114.92,184.72,114.53,177.33,###
370.42,231.39,370.42,235.28,400.36,235.28,400.36,231.39,###
372.75,223.61,372.75,227.11,397.64,227.11,397.64,223.61,###
