12.38,83.25,12.38,18.0,160.13,18.0,159.38,84.75,正品
418.88,51.75,421.88,23.25,450.38,23.25,452.63,51.75,正
505.88,22.5,505.88,51.75,538.13,51.75,538.13,22.5,真
600.38,24.75,604.13,54.75,616.88,55.5,626.63,24.75,7
676.88,27.75,676.88,61.5,713.63,61.5,713.63,27.75,检
513.38,129.0,526.13,90.0,605.63,90.75,605.63,129.0,Agip
622.88,135.0,623.63,90.75,747.38,88.5,747.38,132.75,阿吉普
349.13,452.25,369.38,381.75,458.63,378.75,458.63,452.25,Ag
348.38,507.75,327.38,476.25,590.63,384.0,601.13,416.25,13554784628
573.38,562.5,584.63,517.5,684.38,514.5,684.38,562.5,Agip
123.38,723.75,140.63,679.5,254.63,681.0,254.63,723.75,Agip
249.38,739.5,262.13,672.75,748.88,673.5,749.63,741.75,官方授权经销商
36.38,650.25,16.88,573.0,223.88,569.25,211.88,645.75,热卖！
