51.51,21.12,51.51,55.79,198.18,55.79,198.18,21.12,正品态度
207.51,22.45,208.84,50.45,352.84,54.45,352.84,21.12,同样低价
11.51,65.12,14.18,154.45,392.84,155.79,392.84,65.12,礼品丰厚
22.18,183.79,19.51,231.79,231.51,231.79,227.51,182.45,免费开票
254.18,185.12,254.18,230.45,384.84,230.45,384.84,185.12,送上楼
20.84,261.12,20.84,287.79,91.51,287.79,91.51,261.12,钜惠价
12.84,295.79,12.84,375.79,140.84,375.79,140.84,295.79,135
671.51,7.79,671.51,37.12,795.51,37.12,792.84,7.79,风靡韩国
695.51,50.45,695.51,70.45,774.18,70.45,774.18,50.45,30000台
351.51,730.45,344.84,783.79,767.51,721.12,774.18,669.12,全店满就减进行中！
20.84,725.12,18.18,777.12,319.51,761.12,302.18,709.12,进店送豪礼
