43.33,158.67,43.33,221.33,468.67,221.33,468.67,158.67,买4送1更优惠
30.0,25.33,30.0,129.33,403.33,129.33,403.33,25.33,展架海报
404.67,61.33,404.67,121.33,512.67,121.33,512.67,61.33,定制
571.33,421.33,571.33,452.0,688.67,466.67,687.33,432.0,健身俱乐部
571.33,456.0,570.0,480.0,688.67,497.33,688.67,470.67,AHEALTHCLUB
608.67,489.33,610.0,498.67,684.67,508.0,686.0,500.0,###
572.67,509.33,574.0,529.33,686.0,546.67,686.0,528.0,瘦身健康从这里开始
572.67,529.33,572.67,540.0,644.67,553.33,644.67,541.33,YOURTEXTHERE
603.14,550.29,603.71,556.0,682.57,569.71,682.57,562.86,###
574.57,554.86,573.43,561.14,683.71,581.71,684.29,575.43,###
574.57,565.71,575.14,572.0,685.43,592.57,684.86,586.29,###
574.57,575.43,574.57,582.86,684.29,604.0,683.71,597.14,###
574.57,586.86,573.43,592.57,658.0,609.71,658.0,602.86,###
579.14,615.43,579.71,624.57,615.14,631.43,616.86,624.0,###
633.43,626.86,633.43,634.86,688.29,646.29,689.43,640.0,###
482.0,621.71,482.0,661.71,400.29,661.71,400.29,621.71,元起
212.86,454.29,227.71,590.29,236.29,584.57,223.14,446.29,###
309.43,454.29,308.29,492.57,314.57,498.86,318.0,461.71,###
40.86,385.14,75.71,453.14,106.57,445.14,64.86,388.57,房屋
112.29,451.43,81.43,462.86,108.29,514.29,134.57,500.57,托管
137.43,509.71,108.29,519.43,118.0,562.86,146.57,554.29,去悟
117.43,566.29,117.43,600.0,142.0,608.57,144.29,564.0,空找
115.71,601.71,116.29,610.29,131.71,625.71,139.14,613.14,房
224.86,708.57,208.29,765.14,174.57,766.29,180.29,709.14,￥
172.29,698.29,172.29,770.29,30.0,770.29,30.0,698.29,仅售
395.14,570.86,395.14,789.71,239.14,789.71,239.14,570.86,6
459.71,713.14,459.71,779.43,386.57,779.43,386.57,713.14,.8
