72.45,455.7,64.05,473.9,94.15,490.7,106.05,472.5,赛虎
362.25,542.5,355.95,523.6,397.25,516.6,399.35,532.0,赛虎
563.85,475.3,571.55,492.1,605.85,472.5,598.15,455.0,赛虎
298.55,457.8,300.65,500.5,509.95,505.4,513.45,464.1,13563931386
296.45,401.8,296.45,462.0,511.35,462.0,512.05,406.7,富强工具
320.95,98.0,320.95,137.9,532.35,137.9,532.35,98.0,使用携带方便，
553.35,99.4,553.35,137.2,689.15,137.2,689.15,99.4,经济实惠
106.05,44.1,106.05,79.8,356.65,79.8,356.65,44.1,赛虎迷你断线钳
534.45,8.4,534.45,40.6,691.95,40.6,691.95,8.4,富强品质
39.38,192.5,39.38,202.42,443.04,203.0,443.04,191.33,cheal!CutindryerpricelirstDaretoextraordinary!Daretobareprice!Dothekingoftherealprice!
8.46,179.67,8.46,191.92,467.54,191.92,467.54,179.67,Daretobareprice!Dothekingoftherealprice!360millionfamillesofcommonchoice,don'tassumealot!Don't
7.88,169.17,7.88,180.83,469.88,180.83,469.88,169.17,360millionfamilesofcomrronchaice,don'tassurrealot!Don'tcheat!Cutcheat!CutindryerpficefirstDaretoextraordirnary
