238.0,755.2,226.8,785.6,274.0,785.6,274.0,752.8,45
280.4,764.0,280.4,786.4,324.4,786.4,324.4,764.0,cm
374.0,696.0,374.0,720.0,405.2,720.0,405.2,696.0,###
407.6,703.2,407.6,720.0,444.4,720.0,444.4,703.2,cm
10.0,509.6,10.0,543.2,78.0,543.2,78.0,509.6,150
82.0,520.0,82.0,543.2,125.2,543.2,125.2,520.0,cm
371.6,362.4,374.8,399.2,434.8,400.8,434.8,362.4,120
441.2,376.8,441.2,399.2,485.2,399.2,485.2,376.8,cm
422.8,280.8,422.8,345.6,793.2,345.6,792.4,282.4,38x150cm
159.6,249.6,159.6,288.8,211.6,288.8,211.6,249.6,38
216.4,260.0,216.4,287.2,269.2,287.2,269.2,260.0,cm
522.8,156.0,523.6,243.2,796.4,243.2,795.6,159.2,有支架
558.8,40.8,558.8,126.4,738.8,126.4,738.8,40.8,粉色
414.0,76.8,414.0,121.6,506.8,121.6,506.8,76.8,推荐
561.2,386.4,559.6,431.2,762.0,429.6,762.0,386.4,厂家直销
560.4,502.4,560.4,548.0,762.0,548.0,762.0,502.4,无需验货
554.0,618.4,554.0,664.8,762.0,664.8,762.0,618.4,破损补发
556.4,733.6,556.4,779.2,761.2,779.2,761.2,733.6,高清镜面
