271.32,665.62,271.32,678.67,283.53,676.99,283.53,665.62,A
291.95,663.51,291.95,678.67,302.9,678.67,302.9,663.51,R
315.11,665.62,315.11,678.25,325.63,678.67,325.21,665.62,B
336.16,664.35,336.16,677.41,345.42,677.41,345.0,664.35,F
358.06,666.88,356.79,678.67,366.48,679.51,366.48,667.72,R
380.37,666.46,376.58,680.77,387.53,680.77,388.79,668.56,A
402.27,666.46,403.11,680.77,414.9,679.51,414.9,664.35,B
445.21,668.99,444.37,680.35,454.48,681.62,452.37,668.99,R
466.27,667.72,465.42,681.62,475.11,682.46,475.11,668.56,L
485.21,666.88,485.63,682.46,497.85,681.62,496.16,666.46,Y
420.79,667.72,420.79,680.77,433.0,681.2,432.58,668.99,A
276.79,689.62,273.0,697.2,454.06,702.25,454.9,693.41,###
238.06,739.72,235.53,794.88,588.37,794.88,589.21,741.83,送电池+螺丝刀
277.63,598.25,277.21,626.46,321.85,626.04,321.42,599.09,OR
368.16,605.41,365.63,621.41,542.48,621.41,539.95,606.67,ALL-AMERICANFLA
20.37,20.14,20.37,172.14,48.58,170.04,49.85,21.83,毅航教玩具
149.21,17.2,149.63,87.09,292.37,87.09,292.79,15.51,现货
422.78,14.52,422.78,72.3,792.56,72.3,790.78,13.64,升级版十二首
470.78,88.3,476.12,146.97,781.9,143.41,783.67,85.64,萨克斯来袭
333.87,175.2,333.87,215.2,345.87,196.53,353.87,175.2,###
