228.53,92.27,228.53,27.73,368.27,27.73,368.27,92.27,100
370.93,26.13,370.93,91.73,783.2,91.73,783.2,26.13,张爆炸贴套装
246.67,137.07,246.67,104.0,566.67,104.0,566.67,137.07,首次购买送马克笔一支
234.4,138.13,234.4,147.2,564.0,147.2,564.0,138.13,###
370.93,148.27,370.93,155.2,564.0,155.2,564.0,148.27,###
319.73,155.2,319.73,161.6,565.6,161.6,565.6,155.2,###
589.07,141.33,589.07,112.53,649.87,112.53,649.87,141.33,拍两
656.8,134.93,656.8,107.73,684.53,107.73,684.53,134.93,立
590.67,161.6,590.67,142.93,655.2,142.93,655.2,161.6,件以上
656.27,163.73,656.27,136.53,685.6,136.53,685.6,163.73,减
723.47,163.2,723.47,112.53,778.4,112.53,778.4,163.2,元
358.13,249.07,358.13,196.27,516.53,196.27,516.53,249.07,促销商品
580.53,252.8,580.53,234.67,618.93,234.67,618.93,252.8,原價
641.33,249.6,641.33,188.27,718.67,188.27,718.67,249.6,特
713.33,269.87,713.33,194.67,780.0,194.67,780.0,269.87,價
304.27,471.47,304.27,406.4,521.87,406.4,521.87,471.47,热卖中
27.47,578.67,27.47,517.87,204.0,517.87,204.0,578.67,新品上市
366.13,678.93,366.13,638.4,461.6,638.4,461.6,678.93,售价
463.73,747.2,463.73,720.53,494.13,720.53,494.13,747.2,元
575.73,782.4,575.73,742.4,721.87,742.4,721.87,782.4,超低價
594.93,577.07,594.93,520.53,671.73,520.53,671.73,577.07,店长
673.33,578.13,673.33,529.07,764.0,529.07,764.0,578.13,推介
19.47,681.6,51.47,616.0,251.47,620.8,242.4,681.6,人気商品
689.87,156.8,689.87,110.93,721.87,110.93,721.87,156.8,2
