373.48,405.26,373.48,443.61,466.7,443.61,466.7,405.26,26.9
394.13,365.73,394.13,397.59,444.28,397.59,444.28,365.73,包邮
49.57,117.6,49.57,209.05,128.63,209.05,128.63,117.6,特价
132.17,111.7,133.35,199.61,198.84,200.2,198.84,111.7,价
264.92,212.0,264.92,170.7,185.86,170.7,185.86,212.0,超值
268.46,161.85,268.46,214.95,299.73,214.95,299.73,161.85,5
302.68,171.29,302.68,213.77,379.38,213.77,379.38,171.29,斤装
31.28,17.3,31.28,72.17,85.56,72.17,85.56,17.3,俺
103.26,22.02,103.26,67.45,151.64,67.45,151.64,22.02,的
169.93,16.71,169.93,73.35,221.85,73.35,221.85,16.71,萌
241.32,16.71,241.32,75.12,286.16,75.12,286.16,16.71,宠
379.97,35.0,379.97,72.17,459.03,72.17,459.03,35.0,睿格
452.54,9.04,453.72,20.12,468.47,20.25,468.47,9.04,TM
401.21,181.32,401.21,195.48,430.71,195.48,430.71,181.32,睿格
399.44,203.74,399.44,195.48,434.25,195.48,434.25,203.74,RUIGE
395.31,204.92,394.72,214.95,439.56,217.31,439.56,207.28,NATURAL
404.75,248.58,404.75,252.71,427.76,254.48,428.94,250.35,###
400.03,256.84,397.67,252.12,434.84,254.48,434.84,259.2,###
402.98,259.2,403.57,264.51,431.3,266.87,433.66,263.33,###
205.33,93.28,205.33,152.87,302.68,152.87,302.68,93.28,疯狂
370.53,169.98,394.13,89.74,312.71,66.73,301.5,151.69,购
