283.44,80.58,282.1,199.25,791.44,168.58,784.77,23.25,全新塑料
323.44,199.25,327.44,225.91,452.77,229.91,448.77,197.91,积木采用的
455.44,195.25,452.77,220.58,590.1,220.58,584.77,188.58,是PP材质塑
588.77,189.91,588.77,220.58,614.1,220.58,614.1,189.91,料
620.77,188.58,620.77,217.91,699.44,217.91,699.44,188.58,更耐热
704.77,183.25,704.77,213.91,786.1,213.91,786.1,183.25,更好玩！
580.77,252.58,580.77,289.91,760.77,284.58,760.77,249.91,豪华礼盒装
28.77,695.25,28.77,737.91,122.1,737.91,120.77,691.25,收藏
28.77,744.58,30.1,785.91,119.44,785.91,119.44,747.25,宝贝
208.77,669.91,207.44,717.91,244.77,717.91,255.44,673.91,有
178.1,729.91,163.44,787.25,295.44,789.91,287.44,729.91,惊喜
380.77,700.58,380.77,784.58,748.77,784.58,744.77,697.91,送收纳盒
