9.0,96.52,29.93,138.98,148.08,28.21,119.77,3.59,疯狂热卖
150.54,62.67,146.85,130.36,717.31,130.36,719.16,63.9,全包玻璃时尚龟缸
420.7,156.21,418.85,192.52,761.0,193.13,762.85,155.59,从小到大多种选择
649.62,538.21,646.54,588.67,753.62,588.67,753.0,538.82,包邮
650.24,594.21,646.54,640.98,754.24,644.06,753.0,595.44,包损
37.31,713.59,20.7,776.98,103.77,775.75,114.24,701.9,买
113.62,698.82,108.7,775.13,127.16,776.36,162.85,696.98,1
164.08,699.44,135.77,773.9,201.0,778.82,231.16,707.44,赠
240.39,681.59,213.31,772.67,277.93,786.21,291.47,692.06,3
480.53,732.53,480.53,760.53,504.53,760.53,504.53,732.53,+
612.53,737.87,612.53,765.87,639.2,765.87,639.2,732.53,+
