75.63,16.25,75.63,52.5,20.63,52.5,20.63,16.25,原装
74.38,86.25,74.38,56.25,18.13,56.25,18.13,86.25,正品
202.08,224.17,202.08,235.83,182.92,235.83,182.92,224.17,-IN
217.92,225.83,216.25,235.83,587.92,239.17,587.92,227.5,US、PATENTNOS：441595·4441146·4648020·4675797·D297928OTHERPATSPENDING
631.02,227.73,631.02,238.64,599.66,238.64,599.66,227.73,-OUT
636.48,261.14,636.48,272.05,619.43,272.05,619.43,261.14,-S
649.43,351.82,649.43,344.32,628.3,344.32,628.3,351.82,+S
654.2,375.0,654.2,387.95,619.43,387.95,619.43,375.0,+OUT
604.43,377.05,604.43,387.95,473.52,387.95,473.52,377.05,EPCNOS:0074399·0100356
515.8,294.55,515.8,307.5,541.02,307.5,541.02,294.55,###
588.75,293.86,588.75,308.86,558.75,308.86,558.75,293.86,###
464.66,289.77,464.66,305.45,390.34,305.45,390.34,289.77,VIGOR
308.52,294.55,308.52,304.77,276.48,307.5,276.48,292.5,250
254.66,293.18,254.66,306.14,223.98,306.14,223.3,293.18,300
209.66,252.27,209.66,262.5,178.98,262.5,178.98,252.27,GATE
175.57,272.05,175.57,263.18,203.52,263.18,203.52,272.05,OUT
204.89,346.36,204.89,336.82,171.48,336.82,171.48,346.36,SATE
183.75,349.09,183.75,358.64,169.43,358.64,169.43,349.09,IN
189.89,375.68,189.89,387.27,168.07,387.27,168.07,375.68,+IN
373.98,377.73,376.13,387.75,203.63,389.25,205.13,378.75,MADEINUSA,ANDOVER,MA01810
366.48,352.5,366.48,372.27,209.66,372.27,211.7,354.55,210710142595
306.48,311.59,306.48,321.14,227.39,321.14,227.39,311.59,###
344.66,265.91,344.66,277.5,316.02,277.5,316.02,265.91,BABT
514.43,249.55,513.75,254.32,505.57,258.41,505.57,249.55,T
522.61,258.41,522.61,265.91,511.7,265.91,511.7,258.41,E
500.11,256.36,500.11,266.59,508.3,266.59,508.3,256.36,D
331.7,347.73,331.7,331.36,213.75,331.36,213.75,347.73,VE-B63-C0
148.88,298.5,149.63,342.0,654.38,342.0,652.13,297.75,深圳市比达尔电子模块
183.07,291.14,183.07,321.82,192.61,321.82,192.61,291.14,###
436.7,246.14,436.7,265.23,395.11,265.23,395.11,246.14,TUV
356.93,246.82,356.93,270.68,380.11,270.68,380.11,246.82,SP
288.07,239.32,288.07,271.36,267.61,271.36,267.61,239.32,C
307.84,242.05,307.84,272.73,293.52,272.73,293.52,242.05,E
442.88,245.25,442.88,274.5,483.38,274.5,483.38,245.25,###
2.39,450.0,2.39,491.59,176.25,491.59,176.93,450.0,实体店家
189.2,448.64,189.2,489.55,365.11,489.55,365.11,448.64,诚信经营
382.84,450.0,382.84,490.91,556.02,490.91,556.02,450.0,货真价实
573.07,450.0,573.07,492.27,745.57,492.27,745.57,450.0,售后保障
-0.34,503.86,-0.34,520.91,361.7,520.91,361.7,503.86,深圳市比达尔半导体器件
438.07,501.14,438.07,521.59,671.93,521.59,671.93,501.14,一站式配套服务
710.11,507.95,710.11,518.18,746.25,518.18,746.25,507.95,正品保障
542.39,534.55,542.39,557.05,693.07,557.05,693.07,534.55,服务至上
363.75,534.55,363.75,557.05,513.07,557.05,513.07,534.55,价格优势
185.11,535.23,185.11,557.05,335.11,557.05,335.11,535.23,质量保证
5.8,535.23,5.8,557.05,155.8,557.05,155.8,535.23,现货库存
235.57,480.68,235.57,492.95,267.61,492.95,267.61,480.68,###
715.57,521.59,715.57,533.18,738.75,533.18,738.75,521.59,7天
610.57,287.73,611.93,298.64,620.11,298.64,620.11,286.36,UT
