249.09,699.64,249.09,778.91,556.73,778.91,556.73,699.64,拍下立减
129.09,376.0,129.09,392.0,187.27,392.0,187.27,376.0,操作系列
132.0,360.0,132.0,373.09,183.64,373.09,183.64,360.0,2.4Ghz
194.55,234.91,194.55,251.64,233.09,251.64,233.09,234.91,###
225.09,190.55,225.09,207.27,502.18,207.27,502.18,190.55,THESPIDERMANGUARDNEWYORK
224.36,167.27,224.36,185.45,580.73,185.45,580.73,167.27,WONTHESPIDER'SSUPERABILITY,ANDMADE
618.55,253.09,618.55,260.36,676.73,260.36,676.73,253.09,###
660.0,234.91,660.0,252.36,678.18,252.36,677.45,234.91,美
615.64,235.64,614.91,252.36,632.36,252.36,632.36,234.18,全
135.64,249.45,127.64,301.09,300.73,284.36,281.82,253.09,SPIDER-MAN
145.09,98.91,145.09,160.0,662.18,160.0,662.18,98.91,正版商超开窗大礼盒
434.55,69.09,434.55,96.0,585.09,96.0,585.09,69.09,漫威正版授权
211.27,47.27,211.27,98.91,356.73,98.91,356.73,47.27,蜘蛛侠
388.0,646.55,391.64,664.73,513.09,632.73,508.0,615.27,漫威正版授权产品
300.73,637.09,309.45,664.0,571.27,594.91,565.45,565.09,蜘蛛侠系列特技滑板车
