49.39,268.05,49.39,292.31,142.4,292.31,142.4,268.05,松石彩花
301.27,271.52,301.27,295.2,396.01,295.2,396.01,271.52,双层红珠
562.96,272.09,562.96,294.05,658.86,294.05,658.86,272.09,钻球红嘴
141.25,478.33,141.25,522.81,340.55,522.81,340.55,478.33,一件包邮
402.36,479.48,402.36,520.5,598.2,520.5,598.2,479.48,买三送一
59.79,530.9,59.79,550.54,140.09,550.54,140.09,530.9,复古玫瑰
329.0,530.32,329.0,549.96,417.96,549.96,417.96,530.32,圆环双鱼
613.8,531.48,613.8,550.54,677.34,550.54,677.34,531.48,太阳花
550.83,574.23,554.87,555.16,585.49,554.01,586.65,558.05,###
549.67,600.22,550.83,584.62,584.91,571.92,587.8,586.94,###
646.73,563.25,651.93,561.52,670.99,556.32,670.99,567.29,###
687.74,584.62,688.9,566.72,717.78,560.36,720.67,569.6,3000
696.41,608.89,696.41,597.33,720.09,592.71,718.94,601.96,###
554.87,608.89,561.23,625.06,579.14,616.98,580.87,608.89,###
395.43,686.3,394.28,700.16,452.04,704.78,452.04,690.92,###
59.21,818.59,59.21,842.85,142.98,842.85,142.98,818.59,黑三角
328.42,816.86,328.42,843.43,442.22,843.43,442.22,816.86,千眼菩提
619.58,816.28,619.58,843.43,704.5,843.43,704.5,816.28,黄蜜蜡
